2022-01-01,ZHZ0XK5K,0,42128112,4,0,490623029,19134,4,0,0,25,236,978,25,42128112,0,0,0,18966,81017587448,210285069856
2022-01-02,ZHZ0XK5K,0,8971488,4,0,492444030,19150,4,0,0,25,237,979,25,8971488,0,0,0,18982,81052277192,210461364136
2022-01-03,ZHZ0XK5K,0,197303792,4,0,496662365,19181,4,0,0,25,237,980,25,197303792,0,0,0,19013,81139743544,210806370752
2022-01-04,ZHZ0XK5K,0,231977296,4,0,498954011,19197,4,0,0,25,237,981,25,231977296,0,0,0,19029,81178860488,211046068112
2022-01-05,ZHZ0XK5K,0,180879216,4,0,505752670,19229,4,0,0,24,237,982,24,180879216,0,0,0,19060,81245045808,211417066208
2022-01-06,ZHZ0XK5K,0,146049408,4,0,507633512,19244,4,0,0,24,237,983,24,146049408,0,0,0,19076,81277612944,211593809920
2022-01-07,ZHZ0XK5K,0,209434736,4,0,513599048,19276,4,0,0,24,237,984,24,209434736,0,0,0,19107,81333520960,211845428112
2022-01-08,ZHZ0XK5K,0,204553768,4,0,515804945,19292,4,0,0,24,238,985,24,204553768,0,0,0,19123,81370029176,212048179752
2022-01-09,ZHZ0XK5K,0,129876376,4,0,519915856,19323,4,0,0,25,238,986,25,129876376,0,0,0,19155,81432444320,212399368656
2022-01-10,ZHZ0XK5K,0,88155632,4,0,521984570,19339,4,0,0,25,238,987,25,88155632,0,0,0,19170,81473408528,212560824504
2022-01-11,ZHZ0XK5K,0,59851104,4,0,527462102,19371,4,0,0,25,238,988,25,59851104,0,0,0,19202,81540281440,212953928344
2022-01-12,ZHZ0XK5K,0,76515064,4,0,531423544,19386,4,0,0,24,238,989,24,76515064,0,0,0,19218,81574592216,213180422312
2022-01-13,ZHZ0XK5K,0,218800360,4,0,534637949,19418,4,0,0,24,239,990,24,218800360,0,0,0,19249,81631872872,213509567584
2022-01-14,ZHZ0XK5K,0,108722480,4,0,538645367,19433,4,0,0,24,239,991,24,108722480,0,0,0,19264,81661318688,213614184608
2022-01-15,ZHZ0XK5K,0,14915648,4,0,542626511,19465,4,0,0,24,240,992,24,14915648,0,0,0,19295,81714440632,213955537504
2022-01-16,ZHZ0XK5K,0,227743504,4,0,544556700,19480,4,0,0,25,240,993,25,227743504,0,0,0,19311,81753801688,214129004304
2022-01-17,ZHZ0XK5K,0,132403144,4,0,547929733,19512,4,0,0,24,240,994,24,132403144,0,0,0,19342,81804144296,214471603312
2022-01-18,ZHZ0XK5K,0,92037448,4,0,549747491,19527,4,0,0,25,240,995,25,92037448,0,0,0,19358,81824618080,214654904544
2022-01-19,ZHZ0XK5K,0,71946376,4,0,557118250,19559,4,0,0,26,240,996,26,71946376,0,0,0,19389,81879811744,215067901176
2022-01-20,ZHZ0XK5K,0,217766960,4,0,561109056,19590,4,0,0,26,240,997,26,217766960,0,0,0,19420,81924653808,215413020488
2022-01-21,ZHZ0XK5K,0,82633680,4,0,565301527,19606,4,0,0,25,241,998,25,82633680,0,0,0,19436,81947082784,215499598920
2022-01-22,ZHZ0XK5K,0,227168632,4,0,568660954,19637,4,0,0,26,241,999,26,227168632,0,0,0,19467,81993494528,215841862944
2022-01-23,ZHZ0XK5K,0,185067440,4,0,570409173,19653,4,0,0,26,242,1000,26,185067440,0,0,0,19483,82015780464,216021616480
2022-01-24,ZHZ0XK5K,0,88134560,4,0,573723822,19684,4,0,0,26,243,1001,26,88134560,0,0,0,19514,82054727536,216374018184
2022-01-25,ZHZ0XK5K,0,46819160,4,0,575744046,19700,4,0,0,26,243,1002,26,46819160,0,0,0,19530,82078791936,216552779016
2022-01-26,ZHZ0XK5K,0,215425856,4,0,581878742,19731,4,0,0,26,244,1003,26,215425856,0,0,0,19561,82115201072,216929117312
2022-01-27,ZHZ0XK5K,0,129169800,4,0,583359908,19747,4,0,0,26,244,1004,26,129169800,0,0,0,19576,82133308376,217068894584
2022-01-28,ZHZ0XK5K,0,161985752,4,0,588985559,19778,4,0,0,26,245,1005,26,161985752,0,0,0,19607,82165708736,217313450808
2022-01-29,ZHZ0XK5K,0,163162400,4,0,590621192,19794,4,0,0,26,245,1006,26,163162400,0,0,0,19623,82195438800,217529038400
2022-01-30,ZHZ0XK5K,0,195245784,4,0,593953389,19825,4,0,0,26,245,1007,26,195245784,0,0,0,19654,82256775672,217988068008
2022-01-31,ZHZ0XK5K,0,170203408,4,0,595735222,19841,4,0,0,27,245,1008,27,170203408,0,0,0,19670,82286849608,218177092424
2022-02-01,ZHZ0XK5K,0,230869528,4,0,603948818,19872,4,0,0,25,246,1009,25,230869528,0,0,0,19701,82351016136,218661873280
2022-02-02,ZHZ0XK5K,0,62542800,4,0,608316096,19888,4,0,0,24,246,1009,24,62542800,0,0,0,19717,82396285288,218936559080
2022-02-03,ZHZ0XK5K,0,36445944,4,0,612016672,19919,4,0,0,24,247,1011,24,36445944,0,0,0,19748,82472870120,219322158872
2022-02-04,ZHZ0XK5K,0,226406072,4,0,615220044,19935,4,0,0,25,247,1011,25,226406072,0,0,0,19764,82518818400,219466170720
2022-02-05,ZHZ0XK5K,0,175004608,4,0,621598341,19966,4,0,0,25,248,1013,25,175004608,0,0,0,19795,82619936592,219801932344
2022-02-06,ZHZ0XK5K,0,172203936,4,0,625439956,19998,4,0,0,25,248,1014,25,172203936,0,0,0,19826,82730668600,220176682536
2022-02-07,ZHZ0XK5K,0,140560640,4,0,627346675,20013,4,0,0,24,248,1015,24,140560640,0,0,0,19842,82777739776,220342109672
2022-02-08,ZHZ0XK5K,0,224539496,4,0,633121963,20045,4,0,0,25,248,1016,25,224539496,0,0,0,19873,82872686120,220819423896
2022-02-09,ZHZ0XK5K,0,46472144,4,0,635589369,20060,4,0,0,25,248,1017,25,46472144,0,0,0,19889,82921082848,221081241344
2022-02-10,ZHZ0XK5K,0,232662152,4,0,638969318,20092,4,0,0,24,248,1018,24,232662152,0,0,0,19920,83001699984,221430955056
2022-02-11,ZHZ0XK5K,0,140241976,4,0,643138820,20107,4,0,0,25,249,1019,25,140241976,0,0,0,19936,83040523640,221543852184
2022-02-12,ZHZ0XK5K,0,41268640,4,0,647161255,20139,4,0,0,24,249,1020,24,41268640,0,0,0,19967,83123988168,221849695728
2022-02-13,ZHZ0XK5K,0,70149784,4,0,649343773,20154,4,0,0,25,249,1021,25,70149784,0,0,0,19982,83167243632,222079462480
2022-02-14,ZHZ0XK5K,0,112448592,4,0,653570065,20186,4,0,0,25,249,1022,25,112448592,0,0,0,20014,83256870192,222520417296
2022-02-15,ZHZ0XK5K,0,236011848,4,0,656080975,20201,4,0,0,25,249,1022,25,236011848,0,0,0,20029,83357656896,222787334960
2022-02-16,ZHZ0XK5K,0,117872232,4,0,663167490,20233,4,0,0,24,249,1024,24,117872232,0,0,0,20061,83461095800,223298178520
2022-02-17,ZHZ0XK5K,0,172184864,4,0,667380958,20264,4,0,0,25,249,1025,25,172184864,0,0,0,20092,83554938088,223746930432
2022-02-18,ZHZ0XK5K,0,49402928,4,0,671233757,20280,4,0,0,24,250,1026,24,49402928,0,0,0,20107,83571835552,223851391848
2022-02-19,ZHZ0XK5K,0,219610680,4,0,674091913,20311,4,0,0,25,251,1027,25,219610680,0,0,0,20139,83609479128,224228096728
2022-02-20,ZHZ0XK5K,0,219324048,4,0,675372608,20327,4,0,0,24,252,1028,24,219324048,0,0,0,20154,83628565320,224452864560
2022-02-21,ZHZ0XK5K,0,169792760,4,0,677796163,20358,4,0,0,25,252,1029,25,169792760,0,0,0,20186,83661790560,224858389728
2022-02-22,ZHZ0XK5K,0,195405032,4,0,679239468,20374,4,0,0,24,252,1030,24,195405032,0,0,0,20201,83680380208,225109553040
2022-02-23,ZHZ0XK5K,0,144492928,4,0,683695763,20405,4,0,0,25,252,1031,25,144492928,0,0,0,20232,83713250576,225514051976
2022-02-24,ZHZ0XK5K,0,109928952,4,0,686342802,20420,4,0,0,25,253,1032,25,109928952,0,0,0,20248,83726326360,225710552880
2022-02-25,ZHZ0XK5K,0,69649512,4,0,689126768,20452,4,0,0,25,253,1033,25,69649512,0,0,0,20279,83750034672,225890706008
2022-02-26,ZHZ0XK5K,0,155997512,4,0,692440938,20467,4,0,0,25,253,1033,25,155997512,0,0,0,20294,83766508456,225960580224
2022-02-27,ZHZ0XK5K,0,56321912,4,0,695718034,20499,4,0,0,24,254,1035,24,56321912,0,0,0,20326,83798939360,226316755656
2022-02-28,ZHZ0XK5K,0,57579824,4,0,697153718,20514,4,0,0,24,254,1035,24,57579824,0,0,0,20341,83813391656,226547701952
2022-03-01,ZHZ0XK5K,0,89187424,4,0,701990391,20546,4,0,0,25,255,1037,25,89187424,0,0,0,20372,83857783520,227023199296
2022-03-02,ZHZ0XK5K,0,42183616,4,0,705194220,20561,4,0,0,24,255,1037,24,42183616,0,0,0,20388,83883171008,227194948968
2022-03-03,ZHZ0XK5K,0,35435600,4,0,707985189,20593,4,0,0,24,255,1039,24,35435600,0,0,0,20419,83918534848,227641118880
2022-03-04,ZHZ0XK5K,0,199286560,4,0,711813688,20609,4,0,0,24,255,1039,24,199286560,0,0,0,20435,83944691504,227778813184
2022-03-05,ZHZ0XK5K,0,128465704,4,0,716512660,20640,4,0,0,25,256,1041,25,128465704,0,0,0,20466,83979555640,228161409600
2022-03-06,ZHZ0XK5K,0,120074832,4,0,720802282,20656,4,0,0,24,256,1041,24,120074832,0,0,0,20482,84001502616,228375212496
2022-03-07,ZHZ0XK5K,0,52321616,4,0,724011448,20687,4,0,0,24,257,1043,24,52321616,0,0,0,20513,84047825024,228749418768
2022-03-08,ZHZ0XK5K,0,54044576,4,0,726251728,20703,4,0,0,25,257,1043,25,54044576,0,0,0,20529,84082664776,228960442608
2022-03-09,ZHZ0XK5K,0,16339360,4,0,733844825,20735,4,0,0,24,257,1045,24,16339360,0,0,0,20560,84153744120,229339939456
2022-03-10,ZHZ0XK5K,0,84438792,4,0,737324337,20766,4,0,0,25,257,1046,25,84438792,0,0,0,20592,84211073360,229594850496
2022-03-11,ZHZ0XK5K,0,207680784,4,0,741948087,20782,4,0,0,25,257,1047,25,207680784,0,0,0,20607,84245972624,229683193224
2022-03-12,ZHZ0XK5K,0,28136824,4,0,745641509,20813,4,0,0,25,257,1048,25,28136824,0,0,0,20639,84312535432,229925367920
2022-03-13,ZHZ0XK5K,0,230449624,4,0,747746980,20829,4,0,0,25,258,1049,25,230449624,0,0,0,20654,84347096896,230093119256
2022-03-14,ZHZ0XK5K,0,202090048,4,0,752279654,20860,4,0,0,25,258,1050,25,202090048,0,0,0,20686,84432544288,230467597272
2022-03-15,ZHZ0XK5K,0,144406592,4,0,754516458,20876,4,0,0,25,258,1051,25,144406592,0,0,0,20701,84468817520,230617781264
2022-03-16,ZHZ0XK5K,0,80896216,4,0,762159608,20907,4,0,0,25,258,1052,25,80896216,0,0,0,20732,84550123928,230961248680
2022-03-17,ZHZ0XK5K,0,77853448,4,0,764477102,20923,4,0,0,25,258,1053,25,77853448,0,0,0,20748,84600340216,231152130312
2022-03-18,ZHZ0XK5K,0,180006160,4,0,770747288,20954,4,0,0,25,258,1054,25,180006160,0,0,0,20779,84681456000,231417307872
2022-03-19,ZHZ0XK5K,0,94539304,4,0,774334806,20970,4,0,0,25,258,1055,25,94539304,0,0,0,20794,84722035232,231535402480
2022-03-20,ZHZ0XK5K,0,40508016,4,0,779087610,21001,4,0,0,25,258,1056,25,40508016,0,0,0,20826,84810481280,231881206528
2022-03-21,ZHZ0XK5K,0,198714504,4,0,781230093,21017,4,0,0,25,258,1057,25,198714504,0,0,0,20841,84853373328,231996520968
2022-03-22,ZHZ0XK5K,0,104009640,4,0,786223957,21049,4,0,0,25,258,1058,25,104009640,0,0,0,20873,84914092448,232329378640
2022-03-23,ZHZ0XK5K,0,124206584,4,0,790994900,21064,4,0,0,25,258,1058,25,124206584,0,0,0,20888,84952667256,232555141408
2022-03-24,ZHZ0XK5K,0,29002264,4,0,794942833,21096,4,0,0,25,258,1060,25,29002264,0,0,0,20920,85018399160,232882486520
2022-03-25,ZHZ0XK5K,0,186683416,4,0,798149550,21111,4,0,0,25,258,1060,25,186683416,0,0,0,20935,85056349488,233002217344
2022-03-26,ZHZ0XK5K,0,80792624,4,0,803750376,21143,4,0,0,25,258,1062,25,80792624,0,0,0,20967,85128040936,233312916368
2022-03-27,ZHZ0XK5K,0,64863184,4,0,806017862,21159,4,0,0,25,258,1062,25,64863184,0,0,0,20982,85171049800,233498126424
2022-03-28,ZHZ0XK5K,0,224071824,4,0,810262141,21190,4,0,0,25,258,1064,25,224071824,0,0,0,21014,85237270496,233835255016
2022-03-30,ZHZ0XK5K,0,71474536,5,1720,813915537,21248,4,25,4295032833,23,258,1066,23,71474536,0,0,0,21038,85291347800,234116861744
2022-03-31,ZHZ0XK5K,0,11832952,5,1720,818518289,21263,4,25,4295032833,24,258,1080,24,11832952,0,0,0,21051,85341261456,234251447202
2022-04-01,ZHZ0XK5K,0,65042920,5,2232,824699583,21295,4,26,4295032833,25,259,1081,25,65042920,0,0,0,21082,85385196520,234504863250
2022-04-02,ZHZ0XK5K,0,226257888,5,2240,826326280,21310,4,26,4295032833,24,259,1082,24,226257888,0,0,0,21098,85408084368,234643190370
2022-04-03,ZHZ0XK5K,0,111298592,5,2240,827905877,21326,4,26,4295032833,25,259,1082,25,111298592,0,0,0,21113,85433902296,234746553778
2022-04-04,ZHZ0XK5K,0,148897592,6,2240,830795914,21357,5,26,4295032833,24,259,1085,24,148897592,0,0,0,21145,85471353032,234990842846
2022-04-05,ZHZ0XK5K,0,65163048,6,2272,836314491,21388,5,26,4295032833,25,259,1086,25,65163048,0,0,0,21176,85524550712,235342192038
2022-04-06,ZHZ0XK5K,0,222378576,6,2272,838991252,21404,5,26,4295032833,24,260,1087,24,222378576,0,0,0,21191,85550771832,235473186446
2022-04-07,ZHZ0XK5K,0,134678656,6,2272,842088102,21436,5,26,4295032833,25,261,1088,25,134678656,0,0,0,21223,85594143296,235830396742
2022-04-08,ZHZ0XK5K,0,9047320,6,2272,845227522,21451,5,26,4295032833,24,261,1089,24,9047320,0,0,0,21238,85619769872,235923279766
2022-04-09,ZHZ0XK5K,0,102014000,6,2272,849830054,21483,5,26,4295032833,25,261,1090,25,102014000,0,0,0,21270,85669085920,236211071638
2022-04-10,ZHZ0XK5K,0,87666640,6,2272,851577073,21498,5,26,4295032833,24,261,1091,24,87666640,0,0,0,21285,85693323576,236416627638
2022-04-11,ZHZ0XK5K,0,218028936,6,2272,854522701,21530,5,26,4295032833,25,261,1092,25,218028936,0,0,0,21317,85737084680,236747369558
2022-04-12,ZHZ0XK5K,0,191375256,6,2272,856168674,21546,5,26,4295032833,25,261,1093,25,191375256,0,0,0,21332,85756895752,236945045494
2022-04-13,ZHZ0XK5K,0,193400280,6,2280,862661992,21577,5,26,4295032833,24,261,1094,24,193400280,0,0,0,21363,85795222408,237397025710
2022-04-14,ZHZ0XK5K,0,130115896,6,2312,864370861,21593,5,26,4295032833,24,261,1095,24,130115896,0,0,0,21379,85820961672,237552142702
2022-04-15,ZHZ0XK5K,0,196827608,6,2504,870176274,21624,5,31,4295032833,24,261,1096,24,196827608,0,0,0,21410,85859234176,237824722614
2022-04-16,ZHZ0XK5K,0,225406160,6,2504,874590306,21639,5,31,4295032833,25,261,1097,25,225406160,0,0,0,21426,85883216488,238073459750
2022-04-17,ZHZ0XK5K,0,143795632,6,2504,878955648,21671,5,31,4295032833,25,261,1098,25,143795632,0,0,0,21457,85924285208,238439062142
2022-04-18,ZHZ0XK5K,0,15889128,6,2504,882892215,21702,5,31,4295032833,25,261,1099,25,15889128,0,0,0,21488,85973534800,238750187534
2022-04-19,ZHZ0XK5K,0,33211224,6,2504,885488739,21717,5,31,4295032833,25,261,1100,25,33211224,0,0,0,21503,86004258424,238980926726
2022-04-20,ZHZ0XK5K,0,242504536,6,2504,892343049,21749,5,31,4295032833,24,261,1101,24,242504536,0,0,0,21534,86068057168,239370562054
2022-04-21,ZHZ0XK5K,0,173679408,6,2504,894043656,21764,5,31,4295032833,25,261,1102,25,173679408,0,0,0,21550,86092393112,239521541670
2022-04-22,ZHZ0XK5K,0,199241352,6,2504,900224928,21796,5,31,4295032833,25,262,1103,25,199241352,0,0,0,21581,86140667952,239742969542
2022-04-23,ZHZ0XK5K,0,93692376,6,2504,901916666,21811,5,31,4295032833,24,262,1104,24,93692376,0,0,0,21597,86164021968,239858207326
2022-04-24,ZHZ0XK5K,0,44644304,6,2504,905609146,21842,5,31,4295032833,24,262,1105,24,44644304,0,0,0,21628,86212728736,240248734102
2022-04-25,ZHZ0XK5K,0,174728096,6,2504,907414412,21858,5,31,4295032833,24,262,1106,24,174728096,0,0,0,21643,86260544000,240331002630
2022-04-26,ZHZ0XK5K,0,52864928,6,2504,912028756,21889,5,31,4295032833,25,262,1107,25,52864928,0,0,0,21674,86331864768,240626100198
2022-04-27,ZHZ0XK5K,0,224912392,6,2504,916288013,21905,5,31,4295032833,25,262,1108,25,224912392,0,0,0,21689,86359446072,240770566358
2022-04-28,ZHZ0XK5K,0,72981296,6,2504,919460330,21936,5,31,4295032833,25,262,1109,25,72981296,0,0,0,21721,86409319936,241057042974
2022-04-29,ZHZ0XK5K,0,213133280,6,2504,922646701,21952,5,31,4295032833,25,263,1110,25,213133280,0,0,0,21736,86437478536,241169036358
2022-04-30,ZHZ0XK5K,0,7989328,6,2504,927684287,21983,5,31,4295032833,24,263,1111,24,7989328,0,0,0,21768,86491392760,241398259790
2022-05-01,ZHZ0XK5K,0,3004560,6,2504,929679434,21999,5,31,4295032833,25,263,1112,25,3004560,0,0,0,21783,86520583688,241608224910
2022-05-02,ZHZ0XK5K,0,221342856,6,2504,933467658,22030,5,31,4295032833,24,263,1113,24,221342856,0,0,0,21814,86580028376,242011259270
2022-05-03,ZHZ0XK5K,0,194746528,6,2504,935479354,22046,5,31,4295032833,25,263,1114,25,194746528,0,0,0,21830,86611769512,242197062806
2022-05-04,ZHZ0XK5K,0,5207752,6,2504,942798369,22077,5,31,4295032833,25,263,1115,25,5207752,0,0,0,21861,86665543040,242686173110
2022-05-05,ZHZ0XK5K,0,122084160,6,2504,946134104,22109,5,31,4295032833,25,264,1116,25,122084160,0,0,0,21892,86713170208,242999563030
2022-05-06,ZHZ0XK5K,0,235076312,6,2504,950673290,22124,5,31,4295032833,24,264,1117,24,235076312,0,0,0,21908,86747607920,243078117470
2022-05-07,ZHZ0XK5K,0,134207544,6,2504,954184850,22156,5,31,4295032833,25,264,1118,25,134207544,0,0,0,21939,86789234840,243423903494
2022-05-08,ZHZ0XK5K,0,99704472,6,2504,956048073,22172,5,31,4295032833,25,265,1119,25,99704472,0,0,0,21955,86821226800,243601549102
2022-05-09,ZHZ0XK5K,0,62333720,6,2504,959473589,22203,5,31,4295032833,25,265,1120,25,62333720,0,0,0,21987,86866854840,244006831742
2022-05-10,ZHZ0XK5K,0,70294952,6,2504,961646110,22219,5,31,4295032833,25,265,1121,25,70294952,0,0,0,22002,86894100088,244231688454
2022-05-11,ZHZ0XK5K,0,241349064,6,2504,968780272,22251,5,31,4295032833,24,265,1122,24,241349064,0,0,0,22033,86942140008,244598843398
2022-05-12,ZHZ0XK5K,0,11640160,6,2504,970639377,22266,5,31,4295032833,24,265,1123,24,11640160,0,0,0,22049,86965599464,244833956526
2022-05-13,ZHZ0XK5K,0,48387448,6,2504,976912473,22298,5,31,4295032833,25,265,1124,25,48387448,0,0,0,22081,87011694056,245068749854
2022-05-14,ZHZ0XK5K,0,260536,6,2504,978830000,22314,5,31,4295032833,24,265,1125,24,260536,0,0,0,22096,87039668528,245236789118
2022-05-15,ZHZ0XK5K,0,224935944,6,2504,982455063,22345,5,31,4295032833,25,265,1126,25,224935944,0,0,0,22128,87087008776,245658265078
2022-05-16,ZHZ0XK5K,0,215794000,6,2504,984600732,22361,5,31,4295032833,25,265,1127,25,215794000,0,0,0,22144,87128834816,245851437734
2022-05-17,ZHZ0XK5K,0,222586144,6,2504,989413566,22393,5,31,4295032833,25,265,1128,25,222586144,0,0,0,22175,87171858960,246303487302
2022-05-18,ZHZ0XK5K,0,184483176,6,2504,993552307,22409,5,31,4295032833,24,265,1129,24,184483176,0,0,0,22191,87198171440,246483212558
2022-05-19,ZHZ0XK5K,0,102680688,6,2504,996772369,22440,5,31,4295032833,25,265,1131,25,102680688,0,0,0,22222,87239378368,246848484534
2022-05-20,ZHZ0XK5K,0,2565808,6,2504,344584,22456,5,31,4295032833,25,265,1131,25,2565808,0,0,0,22238,87270276376,246961612366
2022-05-21,ZHZ0XK5K,0,64420808,6,2504,5037758,22487,5,31,4295032833,24,265,1133,24,64420808,0,0,0,22269,87311657096,247226227422
2022-05-22,ZHZ0XK5K,0,37862936,6,2504,7042812,22503,5,31,4295032833,24,265,1133,24,37862936,0,0,0,22285,87337929136,247417538718
2022-05-23,ZHZ0XK5K,0,144478064,6,2504,10155811,22534,5,31,4295032833,24,266,1135,24,144478064,0,0,0,22316,87383556576,247722669886
2022-05-24,ZHZ0XK5K,0,49493448,6,2504,11817513,22550,5,31,4295032833,24,266,1135,24,49493448,0,0,0,22331,87406093168,247849289390
2022-05-25,ZHZ0XK5K,0,243069040,6,2504,18859669,22581,5,31,4295032833,25,266,1136,25,243069040,0,0,0,22362,87461401536,248231697302
2022-05-26,ZHZ0XK5K,0,148257448,6,2504,24352833,22612,5,31,4295032833,25,266,1138,25,148257448,0,0,0,22394,87521482616,248565086318
2022-05-27,ZHZ0XK5K,0,21604120,6,2504,29628887,22628,5,31,4295032833,25,266,1138,25,21604120,0,0,0,22409,87546925512,248657130750
2022-05-28,ZHZ0XK5K,0,78554890,6,2504,35342344,22660,5,31,4295032833,25,267,1140,25,78554890,0,0,0,22440,87591673488,248913474216
2022-05-29,ZHZ0XK5K,0,241585874,6,2504,37215316,22675,5,31,4295032833,25,267,1140,25,241585874,0,0,0,22456,87620767280,249047411408
2022-05-30,ZHZ0XK5K,0,133037122,6,2504,40569509,22706,5,31,4295032833,24,267,1143,24,133037122,0,0,0,22487,87668769944,249379141554
2022-05-31,ZHZ0XK5K,0,29185216,7,2504,47132746,22737,6,31,4295032833,25,267,1146,25,29185216,0,0,0,22518,87719452352,249712888836
2022-06-01,ZHZ0XK5K,0,20027144,7,2504,49854997,22753,6,31,4295032833,25,267,1146,25,20027144,0,0,0,22534,87748270864,249919052924
2022-06-02,ZHZ0XK5K,0,171160752,7,2504,54427878,22784,6,31,4295032833,25,268,1148,25,171160752,0,0,0,22565,87806887192,250255710916
2022-06-03,ZHZ0XK5K,0,36147312,7,2504,58622582,22800,6,31,4295032833,24,268,1148,24,36147312,0,0,0,22580,87831968464,250339756836
2022-06-04,ZHZ0XK5K,0,177497008,7,2504,62513367,22831,6,31,4295032833,25,268,1150,25,177497008,0,0,0,22612,87887792672,250669423396
2022-06-05,ZHZ0XK5K,0,165658792,7,2504,64580110,22847,6,31,4295032833,25,268,1150,25,165658792,0,0,0,22627,87914694264,250874824356
2022-06-07,ZHZ0XK5K,0,81256184,7,2504,71186992,22894,6,31,4295032833,25,269,1152,25,81256184,0,0,0,22674,87993806064,251443734516
2022-06-08,ZHZ0XK5K,0,28687272,7,2504,77899305,22926,6,31,4295032833,25,269,1154,25,28687272,0,0,0,22705,88040975088,251832278068
2022-06-09,ZHZ0XK5K,0,186086448,7,2504,79686005,22941,6,31,4295032833,25,269,1154,25,186086448,0,0,0,22721,88062141120,251968511212
2022-06-10,ZHZ0XK5K,0,17012224,7,2504,86486321,22973,6,31,4295032833,25,269,1156,25,17012224,0,0,0,22752,88112192920,252237666548
2022-06-11,ZHZ0XK5K,0,231453728,7,2504,88553702,22988,6,31,4295032833,25,269,1156,25,231453728,0,0,0,22768,88143103944,252421197028
2022-06-12,ZHZ0XK5K,0,166413064,7,2504,95502686,23019,6,31,4295032833,25,269,1158,25,166413064,0,0,0,22799,88175261536,252812280508
2022-06-13,ZHZ0XK5K,0,135536896,7,2504,100910225,23051,6,31,4295032833,24,269,1159,24,135536896,0,0,0,22830,88236075056,253208872668
2022-06-14,ZHZ0XK5K,0,115827584,7,2504,104069742,23066,6,31,4295032833,24,269,1160,24,115827584,0,0,0,22846,88262206832,253407172372
2022-06-15,ZHZ0XK5K,0,43069360,7,2504,107909474,23098,6,31,4295032833,25,269,1161,25,43069360,0,0,0,22877,88322288688,253762613836
2022-06-16,ZHZ0XK5K,0,219530136,7,2504,109282422,23113,6,31,4295032833,24,269,1161,24,219530136,0,0,0,22893,88344643792,253916719508
2022-06-17,ZHZ0XK5K,0,47793864,7,2504,116066942,23145,6,31,4295032833,25,269,1163,25,47793864,0,0,0,22924,88404845392,254173063092
2022-06-18,ZHZ0XK5K,0,191005608,7,2504,117484010,23160,6,31,4295032833,24,269,1163,24,191005608,0,0,0,22939,88427641528,254293478700
2022-06-19,ZHZ0XK5K,0,77808104,7,2504,120878039,23192,6,31,4295032833,25,269,1165,25,77808104,0,0,0,22971,88492169840,254604034548
2022-06-20,ZHZ0XK5K,0,39903208,7,2504,122508861,23207,6,31,4295032833,25,269,1165,25,39903208,0,0,0,22986,88520697984,254781742260
2022-06-21,ZHZ0XK5K,0,499776,7,2504,128374394,23239,6,31,4295032833,26,269,1167,26,499776,0,0,0,23018,88581603448,255169715356
2022-06-22,ZHZ0XK5K,0,205597832,7,2504,131250057,23255,6,31,4295032833,25,269,1168,25,205597832,0,0,0,23033,88606137040,255350279820
2022-06-23,ZHZ0XK5K,0,49302760,7,2504,134927591,23286,6,31,4295032833,25,269,1169,25,49302760,0,0,0,23065,88664562216,255623840836
2022-06-24,ZHZ0XK5K,0,140157696,7,2504,138471797,23302,6,31,4295032833,25,270,1170,25,140157696,0,0,0,23080,88691773712,255687484276
2022-06-25,ZHZ0XK5K,0,222835160,7,2504,142734295,23333,6,31,4295032833,25,270,1171,25,222835160,0,0,0,23111,88729840192,255976236316
2022-06-26,ZHZ0XK5K,0,181757392,7,2504,146776927,23349,6,31,4295032833,25,270,1172,25,181757392,0,0,0,23127,88748885584,256160253836
2022-06-27,ZHZ0XK5K,0,89867216,7,2504,151235643,23380,6,31,4295032833,25,271,1173,25,89867216,0,0,0,23158,88791111776,256514419636
2022-06-28,ZHZ0XK5K,0,33090176,7,2504,152691167,23396,6,31,4295032833,25,271,1174,25,33090176,0,0,0,23174,88805049176,256687845836
2022-06-29,ZHZ0XK5K,0,3413352,7,2504,158869034,23427,6,31,4295032833,25,271,1175,25,3413352,0,0,0,23205,88840008544,257111490964
2022-06-30,ZHZ0XK5K,0,181245640,7,2504,160434857,23443,6,31,4295032833,24,271,1175,24,181245640,0,0,0,23221,88852655960,257276675836
2022-07-01,ZHZ0XK5K,0,175678320,7,2504,164382314,23474,6,31,4295032833,24,272,1177,24,175678320,0,0,0,23252,88903253992,257464651340
2022-07-02,ZHZ0XK5K,0,9018496,7,2504,167023790,23490,6,31,4295032833,24,273,1178,24,9018496,0,0,0,23267,88927379808,257518006332
2022-07-03,ZHZ0XK5K,0,122691000,7,2504,170568868,23521,6,31,4295032833,24,273,1179,24,122691000,0,0,0,23299,88987551688,257815647724
2022-07-04,ZHZ0XK5K,0,73493856,7,2504,172229847,23537,6,31,4295032833,25,273,1179,25,73493856,0,0,0,23314,89015905296,257982237628
2022-07-05,ZHZ0XK5K,0,18431448,7,2504,176767487,23568,6,31,4295032833,25,274,1181,25,18431448,0,0,0,23345,89068175800,258363186276
2022-07-06,ZHZ0XK5K,0,491488,7,2504,180786050,23584,6,31,4295032833,24,274,1181,24,491488,0,0,0,23361,89091719832,258565843292
2022-07-07,ZHZ0XK5K,0,176977520,7,2504,183885938,23615,6,31,4295032833,24,274,1183,24,176977520,0,0,0,23392,89151295608,258926894628
2022-07-08,ZHZ0XK5K,0,71619280,7,2504,190244389,23646,6,31,4295032833,25,275,1184,25,71619280,0,0,0,23423,89211175048,259249938300
2022-07-09,ZHZ0XK5K,0,62887008,7,2504,191815475,23662,6,31,4295032833,24,275,1185,24,62887008,0,0,0,23438,89239989944,259456531780
2022-07-10,ZHZ0XK5K,0,71947656,7,2504,195059966,23693,6,31,4295032833,25,275,1186,25,71947656,0,0,0,23470,89307912192,259885952116
2022-07-11,ZHZ0XK5K,0,66194024,7,2504,196383256,23709,6,31,4295032833,24,275,1187,24,66194024,0,0,0,23485,89330883016,260101368348
2022-07-12,ZHZ0XK5K,0,29303528,7,2504,201385003,23740,6,31,4295032833,25,275,1188,25,29303528,0,0,0,23516,89385369136,260498273428
2022-07-13,ZHZ0XK5K,0,10026872,7,2504,204280359,23756,6,31,4295032833,24,275,1189,24,10026872,0,0,0,23532,89410686416,260697820148
2022-07-14,ZHZ0XK5K,0,144945304,7,2504,207114927,23787,6,31,4295032833,24,276,1190,24,144945304,0,0,0,23563,89457203336,261030362380
2022-07-15,ZHZ0XK5K,0,23005400,7,2504,211428913,23803,6,31,4295032833,25,276,1191,25,23005400,0,0,0,23578,89485624920,261124141524
2022-07-16,ZHZ0XK5K,0,220769088,7,2504,214964125,23834,6,31,4295032833,24,277,1192,24,220769088,0,0,0,23609,89549247352,261502423772
2022-07-17,ZHZ0XK5K,0,219574176,7,2504,216444496,23850,6,31,4295032833,24,277,1192,24,219574176,0,0,0,23625,89580220088,261714396932
2022-07-18,ZHZ0XK5K,0,186986656,7,2504,219127456,23881,6,31,4295032833,24,277,1194,24,186986656,0,0,0,23656,89630730936,262119580940
2022-07-19,ZHZ0XK5K,0,159028864,7,2504,220679188,23897,6,31,4295032833,25,277,1194,25,159028864,0,0,0,23672,89651937328,262314557604
2022-07-20,ZHZ0XK5K,0,190702088,7,2504,227149663,23928,6,31,4295032833,25,277,1196,25,190702088,0,0,0,23703,89702607008,262783842604
2022-07-21,ZHZ0XK5K,0,162710328,7,2504,230776574,23960,6,31,4295032833,25,278,1197,25,162710328,0,0,0,23734,89773032544,263173706724
2022-07-22,ZHZ0XK5K,0,12442272,7,2504,235100600,23975,6,31,4295032833,24,278,1198,24,12442272,0,0,0,23750,89792040992,263248570852
2022-07-23,ZHZ0XK5K,0,2270768,7,2504,237866035,24006,6,31,4295032833,25,278,1199,25,2270768,0,0,0,23781,89834289088,263684432748
2022-07-24,ZHZ0XK5K,0,239505720,7,2504,239234441,24022,6,31,4295032833,24,279,1200,24,239505720,0,0,0,23797,89858954424,263897002364
2022-07-25,ZHZ0XK5K,0,238462664,7,2504,242162717,24053,6,31,4295032833,25,280,1201,25,238462664,0,0,0,23828,89906760616,264336434556
2022-07-26,ZHZ0XK5K,0,233183016,7,2504,244290028,24069,6,31,4295032833,25,281,1202,25,233183016,0,0,0,23843,89933616576,264548440036
2022-07-27,ZHZ0XK5K,0,234857056,7,2504,250297091,24101,6,31,4295032833,24,281,1203,24,234857056,0,0,0,23875,89983606632,264988405284
2022-07-28,ZHZ0XK5K,0,174587688,7,2504,251644501,24116,6,31,4295032833,24,281,1204,24,174587688,0,0,0,23890,90002298928,265153584260
2022-07-29,ZHZ0XK5K,0,236314008,7,2504,257548854,24148,6,31,4295032833,24,282,1205,24,236314008,0,0,0,23921,90042811416,265418938948
2022-07-30,ZHZ0XK5K,0,224843352,7,2504,260435784,24179,6,31,4295032833,24,282,1206,24,224843352,0,0,0,23952,90084857456,265853703940
2022-07-31,ZHZ0XK5K,0,199140520,7,2504,261766461,24195,6,31,4295032833,24,283,1207,24,199140520,0,0,0,23968,90101269032,266055730276
2022-08-01,ZHZ0XK5K,0,107889664,7,2504,265766457,24226,6,31,4295032833,25,284,1208,25,107889664,0,0,0,23999,90147778936,266406251220
2022-08-02,ZHZ0XK5K,0,9762416,7,2504,270915838,24241,6,31,4295032833,25,285,1209,25,9762416,0,0,0,24015,90171787320,266528256348
2022-08-03,ZHZ0XK5K,0,141228672,7,2504,276274229,24257,6,31,4295032833,25,286,1210,25,141228672,0,0,0,24030,90199025048,266632484876
2022-08-04,ZHZ0XK5K,0,115314600,7,2504,282773495,24288,6,31,4295032833,24,286,1211,24,115314600,0,0,0,24061,90250641056,267043236364
2022-08-05,ZHZ0XK5K,0,47869960,7,2504,287233158,24304,6,31,4295032833,25,286,1212,25,47869960,0,0,0,24077,90273298104,267197275332
2022-08-06,ZHZ0XK5K,0,174115752,7,2504,291862360,24335,6,31,4295032833,24,286,1213,24,174115752,0,0,0,24108,90317269400,267523690676
2022-08-07,ZHZ0XK5K,0,171314928,7,2504,293454423,24351,6,31,4295032833,24,287,1214,24,171314928,0,0,0,24124,90344926568,267737373332
2022-08-08,ZHZ0XK5K,0,66896032,7,2504,296170348,24382,6,31,4295032833,24,287,1215,24,66896032,0,0,0,24155,90383861520,268082301396
2022-08-09,ZHZ0XK5K,0,231344728,7,2504,297611848,24398,6,31,4295032833,24,287,1216,24,231344728,0,0,0,24171,90408673800,268221937812
2022-08-10,ZHZ0XK5K,0,58661216,7,2504,303936501,24430,6,31,4295032833,24,287,1217,24,58661216,0,0,0,24202,90457552760,268488657060
2022-08-11,ZHZ0XK5K,0,118510168,7,2504,306601231,24461,6,31,4295032833,25,288,1218,25,118510168,0,0,0,24233,90502582656,268747616820
2022-08-12,ZHZ0XK5K,0,83968,7,2504,309533593,24477,6,31,4295032833,24,289,1222,24,83968,0,0,0,24249,90509661080,268866252846
2022-08-13,ZHZ0XK5K,0,125352592,7,2504,312387135,24509,6,31,4295032833,25,289,1223,25,125352592,0,0,0,24280,90543741032,269201582150
2022-08-14,ZHZ0XK5K,0,71508960,7,2504,313964816,24524,6,31,4295032833,24,290,1224,24,71508960,0,0,0,24296,90567495216,269368124966
2022-08-15,ZHZ0XK5K,0,141167616,7,2504,316736064,24556,6,31,4295032833,24,291,1225,24,141167616,0,0,0,24327,90614216536,269635202942
2022-08-16,ZHZ0XK5K,0,98079584,7,2504,318572413,24572,6,31,4295032833,25,291,1226,25,98079584,0,0,0,24343,90638388520,269812083662
2022-08-17,ZHZ0XK5K,0,18012896,7,2504,325003476,24603,6,31,4295032833,24,291,1227,24,18012896,0,0,0,24374,90681799424,270176887478
2022-08-18,ZHZ0XK5K,0,239783240,7,2504,326523265,24619,6,31,4295032833,24,291,1228,24,239783240,0,0,0,24390,90701810048,270378647198
2022-08-19,ZHZ0XK5K,0,43107096,7,2504,332564610,24650,6,31,4295032833,24,291,1229,24,43107096,0,0,0,24421,90739059032,270633012694
2022-08-20,ZHZ0XK5K,0,3109568,7,2504,334194448,24666,6,31,4295032833,24,291,1230,24,3109568,0,0,0,24437,90759876672,270816338158
2022-08-21,ZHZ0XK5K,0,168135440,7,2504,337399678,24697,6,31,4295032833,24,291,1231,24,168135440,0,0,0,24468,90814967048,271170414478
2022-08-22,ZHZ0XK5K,0,116324664,7,2504,339124026,24713,6,31,4295032833,24,291,1232,24,116324664,0,0,0,24483,90841381776,271336329630
2022-08-23,ZHZ0XK5K,0,46585872,7,2504,343757649,24744,6,31,4295032833,25,292,1233,25,46585872,0,0,0,24515,90901905808,271694349270
2022-08-24,ZHZ0XK5K,0,53051160,7,2504,348005987,24760,6,31,4295032833,24,292,1234,24,53051160,0,0,0,24530,90937470368,271909390630
2022-08-25,ZHZ0XK5K,0,165982552,7,2504,350991346,24791,6,31,4295032833,24,292,1235,24,165982552,0,0,0,24561,90983224640,272220708502
2022-08-26,ZHZ0XK5K,0,11756584,7,2504,353505336,24807,6,31,4295032833,25,292,1236,25,11756584,0,0,0,24577,91010534008,272283314246
2022-08-27,ZHZ0XK5K,0,27131840,7,2504,358828772,24839,6,31,4295032833,24,292,1237,24,27131840,0,0,0,24608,91064947256,272488418342
2022-08-28,ZHZ0XK5K,0,168689128,7,2504,360555925,24854,6,31,4295032833,25,293,1238,25,168689128,0,0,0,24624,91098438216,272596484670
2022-08-29,ZHZ0XK5K,0,1068696,7,2504,363475934,24886,6,31,4295032833,24,294,1239,24,1068696,0,0,0,24655,91156407056,272859176774
2022-08-30,ZHZ0XK5K,0,211661992,7,2504,367865582,24917,6,31,4295032833,25,295,1240,25,211661992,0,0,0,24687,91217411760,273252906286
2022-08-31,ZHZ0XK5K,0,175546096,7,2504,369383749,24933,6,31,4295032833,24,295,1241,24,175546096,0,0,0,24702,91244869416,273433473718
2022-09-01,ZHZ0XK5K,0,194082112,7,2504,373128407,24964,6,31,4295032833,25,295,1242,25,194082112,0,0,0,24733,91323304928,273861855814
2022-09-02,ZHZ0XK5K,0,80033632,7,2504,377681410,24980,6,31,4295032833,25,295,1243,25,80033632,0,0,0,24749,91349629352,273965623542
2022-09-03,ZHZ0XK5K,0,154692112,7,2504,381241689,25011,6,31,4295032833,25,296,1244,25,154692112,0,0,0,24780,91395569928,274238482238
2022-09-04,ZHZ0XK5K,0,142157552,7,2504,383244452,25027,6,31,4295032833,25,296,1245,25,142157552,0,0,0,24796,91429057448,274436600982
2022-09-05,ZHZ0XK5K,0,130834592,7,2504,387717147,25058,6,31,4295032833,24,296,1246,24,130834592,0,0,0,24827,91479013552,274863603430
2022-09-06,ZHZ0XK5K,0,164691376,7,2504,389561296,25074,6,31,4295032833,25,296,1247,25,164691376,0,0,0,24843,91504449232,275116165390
2022-09-07,ZHZ0XK5K,0,108179176,7,2504,396530522,25106,6,31,4295032833,24,297,1248,24,108179176,0,0,0,24874,91554699864,275497684230
2022-09-08,ZHZ0XK5K,0,240887312,7,2504,399882086,25137,6,31,4295032833,25,297,1249,25,240887312,0,0,0,24906,91603317616,275825915286
2022-09-09,ZHZ0XK5K,0,86779608,7,2504,403663887,25153,6,31,4295032833,24,297,1250,24,86779608,0,0,0,24921,91628562520,275890703878
2022-09-10,ZHZ0XK5K,0,12143464,7,2504,407977117,25184,6,31,4295032833,25,297,1251,25,12143464,0,0,0,24953,91690950040,276241962534
2022-09-11,ZHZ0XK5K,0,17343624,7,2504,411342900,25200,6,31,4295032833,25,297,1252,25,17343624,0,0,0,24968,91712300248,276469953358
2022-09-12,ZHZ0XK5K,0,214116000,7,2504,417562497,25232,6,31,4295032833,24,297,1253,24,214116000,0,0,0,25000,91778552728,276844614014
2022-09-13,ZHZ0XK5K,0,150213488,7,2504,420004701,25247,6,31,4295032833,25,298,1254,25,150213488,0,0,0,25015,91804543584,276998861382
2022-09-14,ZHZ0XK5K,0,142719928,7,2504,426490744,25279,6,31,4295032833,25,298,1255,25,142719928,0,0,0,25047,91867144816,277417048006
2022-09-15,ZHZ0XK5K,0,34057888,7,2504,427911405,25294,6,31,4295032833,24,298,1257,24,34057888,0,0,0,25062,91897661352,277522010142
2022-09-16,ZHZ0XK5K,0,114991016,7,2504,434561393,25326,6,31,4295032833,25,299,1258,25,114991016,0,0,0,25094,91950041040,277794704214
2022-09-17,ZHZ0XK5K,0,65099680,7,2504,436096507,25342,6,31,4295032833,24,299,1259,24,65099680,0,0,0,25109,91975468712,277963525838
2022-09-18,ZHZ0XK5K,0,78826984,7,2504,438988361,25373,6,31,4295032833,25,299,1260,25,78826984,0,0,0,25141,92029302944,278167559646
2022-09-19,ZHZ0XK5K,0,194647936,7,2504,440374247,25389,6,31,4295032833,24,300,1261,24,194647936,0,0,0,25156,92067695848,278244987694
2022-09-20,ZHZ0XK5K,0,127886216,7,2504,445804381,25420,6,31,4295032833,25,300,1262,25,127886216,0,0,0,25188,92118948744,278615254494
2022-09-21,ZHZ0XK5K,0,113401376,7,2504,448524400,25436,6,31,4295032833,24,300,1263,24,113401376,0,0,0,25203,92138037824,278825821206
2022-09-22,ZHZ0XK5K,0,2732088,7,2504,451592473,25468,6,31,4295032833,24,300,1264,24,2732088,0,0,0,25235,92190038080,279151433254
2022-09-23,ZHZ0XK5K,0,54303616,7,2504,457814975,25499,6,31,4295032833,24,300,1265,24,54303616,0,0,0,25266,92240120176,279397063486
2022-09-24,ZHZ0XK5K,0,27782176,7,2504,459233173,25515,6,31,4295032833,24,300,1266,24,27782176,0,0,0,25282,92261448160,279593354854
2022-09-25,ZHZ0XK5K,0,23451624,7,2504,462743641,25546,6,31,4295032833,24,301,1267,24,23451624,0,0,0,25313,92314537272,280024216470
2022-09-26,ZHZ0XK5K,0,209462680,7,2504,464193728,25562,6,31,4295032833,24,302,1268,24,209462680,0,0,0,25329,92342363312,280182401486
2022-09-27,ZHZ0XK5K,0,241653968,7,2504,470543968,25594,6,31,4295032833,25,302,1269,25,241653968,0,0,0,25360,92386270400,280658967294
2022-09-28,ZHZ0XK5K,0,206461864,7,2504,473121444,25609,6,31,4295032833,24,302,1270,24,206461864,0,0,0,25376,92405051160,280849135062
2022-09-29,ZHZ0XK5K,0,201446512,7,2504,474885658,25625,6,31,4295032833,24,302,1270,24,201446512,0,0,0,25391,92430235056,281063076694
2022-09-30,ZHZ0XK5K,0,32589112,7,2504,481420473,25657,6,31,4295032833,24,302,1272,24,32589112,0,0,0,25423,92475984312,281336751422
2022-10-01,ZHZ0XK5K,0,230712944,7,2504,484993596,25688,6,31,4295032833,25,302,1273,25,230712944,0,0,0,25454,92535657336,281719342862
2022-10-02,ZHZ0XK5K,0,188594136,7,2504,486549988,25704,6,31,4295032833,24,302,1274,24,188594136,0,0,0,25470,92554623016,281902399014
2022-10-03,ZHZ0XK5K,0,116284840,7,2504,489915671,25735,6,31,4295032833,25,302,1275,25,116284840,0,0,0,25502,92600537808,282272456430
2022-10-04,ZHZ0XK5K,0,122730248,7,2504,492597205,25751,6,31,4295032833,25,302,1276,25,122730248,0,0,0,25517,92623014864,282500565414
2022-10-05,ZHZ0XK5K,0,135280168,7,2504,498876912,25783,6,31,4295032833,25,303,1277,25,135280168,0,0,0,25549,92673843768,282950567910
2022-10-06,ZHZ0XK5K,0,90943752,7,2504,500454454,25799,6,31,4295032833,24,303,1278,24,90943752,0,0,0,25565,92696497872,283127718422
2022-10-07,ZHZ0XK5K,0,242170784,7,2504,503901587,25815,6,31,4295032833,25,303,1278,25,242170784,0,0,0,25581,92722613608,283252829718
2022-10-08,ZHZ0XK5K,0,123395856,7,2504,508489162,25846,6,31,4295032833,24,304,1280,24,123395856,0,0,0,25612,92767515344,283577434630
2022-10-09,ZHZ0XK5K,0,35305216,7,2504,511889086,25878,6,31,4295032833,26,304,1281,26,35305216,0,0,0,25643,92821709072,283923431854
2022-10-10,ZHZ0XK5K,0,17938456,7,2504,513533794,25893,6,31,4295032833,24,304,1282,24,17938456,0,0,0,25659,92845734560,284126180270
2022-10-11,ZHZ0XK5K,0,128323104,7,2504,518388745,25925,6,31,4295032833,25,305,1283,25,128323104,0,0,0,25690,92855802320,284470637814
2022-10-12,ZHZ0XK5K,0,120401952,7,2504,522690748,25941,6,31,4295032833,25,305,1284,25,120401952,0,0,0,25706,92884004408,284678655326
2022-10-13,ZHZ0XK5K,0,71998808,7,2504,528587398,25972,6,31,4295032833,25,305,1285,25,71998808,0,0,0,25737,92931493512,285071044774
2022-10-14,ZHZ0XK5K,0,177942816,7,2504,532474260,25988,6,31,4295032833,25,306,1286,25,177942816,0,0,0,25753,92954249640,285154232654
2022-10-15,ZHZ0XK5K,0,29584128,7,2504,536533673,26019,6,31,4295032833,25,306,1287,25,29584128,0,0,0,25784,93004978352,285443426774
2022-10-16,ZHZ0XK5K,0,213125016,7,2504,538170112,26035,6,31,4295032833,25,306,1288,25,213125016,0,0,0,25800,93041367272,285590578742
2022-10-17,ZHZ0XK5K,0,175636568,7,2504,541822580,26067,6,31,4295032833,25,306,1289,25,175636568,0,0,0,25831,93108065632,285974673254
2022-10-18,ZHZ0XK5K,0,165788936,7,2504,543699366,26082,6,31,4295032833,25,307,1290,25,165788936,0,0,0,25846,93133917920,286183114150
2022-10-19,ZHZ0XK5K,0,180293728,7,2504,551290517,26114,6,31,4295032833,25,307,1291,25,180293728,0,0,0,25878,93196862912,286622955454
2022-10-20,ZHZ0XK5K,0,169675304,7,2504,552950688,26129,6,31,4295032833,25,307,1291,25,169675304,0,0,0,25893,93222472568,286830868318
2022-10-21,ZHZ0XK5K,0,10114648,7,2504,559524649,26161,6,31,4295032833,24,307,1293,24,10114648,0,0,0,25924,93303415304,287078646246
2022-10-22,ZHZ0XK5K,0,205649336,7,2504,561598926,26177,6,31,4295032833,25,307,1293,25,205649336,0,0,0,25940,93330987536,287246608702
2022-10-23,ZHZ0XK5K,0,139242576,7,2504,565285266,26208,6,31,4295032833,24,307,1295,24,139242576,0,0,0,25971,93381105352,287618365814
2022-10-24,ZHZ0XK5K,0,104127872,7,2504,567182750,26224,6,31,4295032833,25,307,1295,25,104127872,0,0,0,25987,93420763160,287787734150
2022-10-25,ZHZ0XK5K,0,76142312,7,2504,572266450,26255,6,31,4295032833,25,307,1297,25,76142312,0,0,0,26018,93474134448,288194658662
2022-10-26,ZHZ0XK5K,0,88983136,7,2504,576874733,26271,6,31,4295032833,25,307,1297,25,88983136,0,0,0,26034,93498212592,288427562006
2022-10-27,ZHZ0XK5K,0,58915536,7,2504,580584043,26303,6,31,4295032833,25,308,1299,25,58915536,0,0,0,26065,93549868552,288834119798
2022-10-28,ZHZ0XK5K,0,191589536,7,2504,582367351,26318,6,31,4295032833,25,308,1299,25,191589536,0,0,0,26081,93578396336,288938266014
2022-10-29,ZHZ0XK5K,0,105949008,7,2504,587060816,26350,6,31,4295032833,25,309,1301,25,105949008,0,0,0,26112,93632304024,289042858430
2022-10-30,ZHZ0XK5K,0,92277184,7,2504,591683465,26381,6,31,4295032833,25,309,1302,25,92277184,0,0,0,26144,93687664552,289217966910
2022-10-31,ZHZ0XK5K,0,45343224,7,2504,593416172,26397,6,31,4295032833,25,310,1303,25,45343224,0,0,0,26159,93719704200,289383134110
2022-11-01,ZHZ0XK5K,0,206613104,7,2504,597529045,26429,6,31,4295032833,25,310,1304,25,206613104,0,0,0,26191,93773471360,289734777486
2022-11-02,ZHZ0XK5K,0,209963168,7,2504,601889752,26444,6,31,4295032833,24,310,1304,24,209963168,0,0,0,26206,93807236944,289948502598
2022-11-03,ZHZ0XK5K,0,231963928,7,2504,604632931,26476,6,31,4295032833,25,310,1306,25,231963928,0,0,0,26237,93859267312,290162613742
2022-11-04,ZHZ0XK5K,0,209507896,7,2504,611531732,26507,6,31,4295032833,24,311,1307,24,209507896,0,0,0,26268,93905536544,290338029182
2022-11-05,ZHZ0XK5K,0,112544656,7,2504,612935138,26522,6,31,4295032833,24,311,1308,24,112544656,0,0,0,26284,93933509912,290457233206
2022-11-06,ZHZ0XK5K,0,163006584,7,2504,615934367,26553,6,31,4295032833,24,311,1309,24,163006584,0,0,0,26315,93989252504,290696093190
2022-11-07,ZHZ0XK5K,0,49040048,7,2504,617109273,26569,6,31,4295032833,24,311,1310,24,49040048,0,0,0,26330,94014336472,290801183358
2022-11-08,ZHZ0XK5K,0,136384928,7,2504,622994106,26600,6,31,4295032833,25,312,1311,25,136384928,0,0,0,26361,94070235016,291076770326
2022-11-09,ZHZ0XK5K,0,67510048,7,2504,625172482,26616,6,31,4295032833,24,313,1313,24,67510048,0,0,0,26377,94094511640,291227759606
2022-11-10,ZHZ0XK5K,0,32650816,7,2504,626826780,26631,6,31,4295032833,25,313,1313,25,32650816,0,0,0,26392,94129003928,291402548862
2022-11-11,ZHZ0XK5K,0,73885040,7,2504,631867263,26663,6,31,4295032833,24,315,1315,24,73885040,0,0,0,26423,94178864264,291638063390
2022-11-12,ZHZ0XK5K,0,183743976,7,2504,634437191,26678,6,31,4295032833,24,315,1315,24,183743976,0,0,0,26439,94202637568,291724149022
2022-11-13,ZHZ0XK5K,0,79766640,7,2504,637253576,26709,6,31,4295032833,24,316,1316,24,79766640,0,0,0,26470,94256308488,292054782198
2022-11-14,ZHZ0XK5K,0,195450456,7,2504,640272937,26741,6,31,4295032833,25,316,1318,25,195450456,0,0,0,26501,94307999928,292362915358
2022-11-15,ZHZ0XK5K,0,171928856,7,2504,642310185,26756,6,31,4295032833,25,316,1318,25,171928856,0,0,0,26516,94336116688,292555417686
2022-11-16,ZHZ0XK5K,0,149609808,7,2504,649128987,26787,6,31,4295032833,24,316,1320,24,149609808,0,0,0,26548,94385061840,292972435070
2022-11-17,ZHZ0XK5K,0,211654504,7,2504,656219996,26818,6,31,4295032833,25,317,1321,25,211654504,0,0,0,26579,94446673672,293217008630
2022-11-18,ZHZ0XK5K,0,87727792,7,2504,660222735,26834,6,31,4295032833,26,317,1322,26,87727792,0,0,0,26594,94476556808,293307339414
2022-11-19,ZHZ0XK5K,0,242842600,7,2504,664867971,26850,6,31,4295032833,26,317,1322,26,242842600,0,0,0,26609,94513562000,293425449030
2022-11-20,ZHZ0XK5K,0,112874400,7,2504,668463745,26881,6,31,4295032833,24,318,1324,24,112874400,0,0,0,26640,94569298632,293728025710
2022-11-21,ZHZ0XK5K,0,73966792,7,2504,670028773,26896,6,31,4295032833,25,318,1324,25,73966792,0,0,0,26656,94593915400,293908641974
2022-11-22,ZHZ0XK5K,0,241976776,7,2504,674164937,26927,6,31,4295032833,25,318,1326,25,241976776,0,0,0,26687,94646434520,294268273550
2022-11-23,ZHZ0XK5K,0,239149696,7,2504,678683044,26943,6,31,4295032833,25,318,1326,25,239149696,0,0,0,26702,94675783504,294480238150
2022-11-24,ZHZ0XK5K,0,243117240,7,2504,686286180,26974,6,31,4295032833,24,318,1328,24,243117240,0,0,0,26733,94730778968,294917491742
2022-11-25,ZHZ0XK5K,0,21586384,7,2504,692538539,27005,6,31,4295032833,25,318,1329,25,21586384,0,0,0,26764,94774896240,295140125038
2022-11-26,ZHZ0XK5K,0,216430952,7,2504,694110739,27021,6,31,4295032833,24,319,1330,24,216430952,0,0,0,26780,94798136168,295311729678
2022-11-27,ZHZ0XK5K,0,182536576,7,2504,697207108,27052,6,31,4295032833,25,319,1331,25,182536576,0,0,0,26811,94851084368,295713168606
2022-11-28,ZHZ0XK5K,0,159223984,7,2504,698833983,27068,6,31,4295032833,24,319,1332,24,159223984,0,0,0,26826,94877367184,295907713918
2022-11-29,ZHZ0XK5K,0,143751136,7,2504,703780101,27099,6,31,4295032833,25,319,1333,25,143751136,0,0,0,26857,94926586096,296331303822
2022-11-30,ZHZ0XK5K,0,130849440,7,2504,707448214,27115,6,31,4295032833,24,319,1333,24,130849440,0,0,0,26873,94950886416,296538242454
2022-12-01,ZHZ0XK5K,0,41700080,7,2504,710449455,27146,6,31,4295032833,25,320,1335,25,41700080,0,0,0,26904,95006739088,296881522014
2022-12-02,ZHZ0XK5K,0,164721368,7,2504,714145916,27161,6,31,4295032833,25,320,1335,25,164721368,0,0,0,26919,95035959024,296975323366
2022-12-03,ZHZ0XK5K,0,44280944,7,2504,718592396,27192,6,31,4295032833,25,321,1337,25,44280944,0,0,0,26950,95091255200,297287868158
2022-12-04,ZHZ0XK5K,0,34345056,7,2504,720452331,27208,6,31,4295032833,25,321,1337,25,34345056,0,0,0,26966,95121850488,297491477670
2022-12-05,ZHZ0XK5K,0,234571504,7,2504,723678553,27239,6,31,4295032833,24,321,1339,24,234571504,0,0,0,26997,95176008728,297881686670
2022-12-06,ZHZ0XK5K,0,220346384,7,2504,725378102,27255,6,31,4295032833,24,321,1339,24,220346384,0,0,0,27012,95205759944,298081851006
2022-12-07,ZHZ0XK5K,0,184296560,7,2504,732472243,27286,6,31,4295032833,24,321,1341,24,184296560,0,0,0,27043,95264114344,298475728110
2022-12-08,ZHZ0XK5K,0,150770688,7,2504,735676178,27317,6,31,4295032833,25,322,1342,25,150770688,0,0,0,27074,95318860768,298875737702
2022-12-09,ZHZ0XK5K,0,14027040,7,2504,739948372,27333,6,31,4295032833,25,322,1342,25,14027040,0,0,0,27090,95347455040,298954540534
2022-12-11,ZHZ0XK5K,0,216999384,7,2504,745547574,27379,6,31,4295032833,25,323,1344,25,216999384,0,0,0,27136,95442479304,299550769942
2022-12-11,ZHZ0XK5K,0,216999384,7,2504,745547574,27379,6,31,4295032833,25,323,1344,25,216999384,0,0,0,27136,95442479304,299550769942
2022-12-12,ZHZ0XK5K,0,207959456,7,2504,748307230,27410,6,31,4295032833,24,323,1346,24,207959456,0,0,0,27168,95491714272,299980776582
2022-12-13,ZHZ0XK5K,0,183410888,7,2504,749917386,27426,6,31,4295032833,25,323,1346,25,183410888,0,0,0,27183,95523336632,300168746382
2022-12-14,ZHZ0XK5K,0,117489816,7,2504,756665813,27457,6,31,4295032833,24,323,1348,24,117489816,0,0,0,27214,95582524648,300531919574
2022-12-15,ZHZ0XK5K,0,81421952,7,2504,758444104,27473,6,31,4295032833,24,323,1348,24,81421952,0,0,0,27230,95618267232,300704249902
2022-12-16,ZHZ0XK5K,0,97677296,7,2504,764793383,27505,6,31,4295032833,24,324,1350,24,97677296,0,0,0,27261,95672679232,300910234118
2022-12-17,ZHZ0XK5K,0,72773128,7,2504,766309568,27520,6,31,4295032833,24,324,1350,24,72773128,0,0,0,27277,95703002488,301099147462
2022-12-18,ZHZ0XK5K,0,36806928,7,2504,769020311,27552,6,31,4295032833,24,324,1352,24,36806928,0,0,0,27308,95759954800,301494510614
2022-12-19,ZHZ0XK5K,0,13502048,7,2504,770510927,27568,6,31,4295032833,24,324,1352,24,13502048,0,0,0,27324,95796393784,301678912574
2022-12-20,ZHZ0XK5K,0,241637888,7,2504,774415613,27599,6,31,4295032833,25,325,1354,25,241637888,0,0,0,27355,95866255408,302081327526
2022-12-21,ZHZ0XK5K,0,223463256,7,2504,780580797,27631,6,31,4295032833,25,325,1355,25,223463256,0,0,0,27387,95927642256,302490047390
2022-12-22,ZHZ0XK5K,0,176090320,7,2504,782019826,27646,6,31,4295032833,24,326,1356,24,176090320,0,0,0,27402,95948255064,302666202486
2022-12-23,ZHZ0XK5K,0,229963560,7,2504,788563307,27678,6,31,4295032833,25,327,1357,25,229963560,0,0,0,27434,95998819000,302913652558
2022-12-24,ZHZ0XK5K,0,223282128,7,2504,790111384,27694,6,31,4295032833,24,327,1358,24,223282128,0,0,0,27450,96035069080,303114861678
2022-12-25,ZHZ0XK5K,0,208514888,7,2504,793600012,27725,6,31,4295032833,25,327,1359,25,208514888,0,0,0,27481,96102031040,303521423886
2022-12-26,ZHZ0XK5K,0,227008368,7,2504,795014834,27741,6,31,4295032833,24,327,1360,24,227008368,0,0,0,27497,96124530936,303761558102
2022-12-27,ZHZ0XK5K,0,2927584,7,2504,799968791,27772,6,31,4295032833,25,327,1361,25,2927584,0,0,0,27528,96189668480,304204761998
2022-12-28,ZHZ0XK5K,0,242905248,7,2504,803545386,27788,6,31,4295032833,24,328,1362,24,242905248,0,0,0,27544,96218521112,304415887030
2022-12-29,ZHZ0XK5K,0,199356000,7,2504,806319333,27820,6,31,4295032833,25,328,1363,25,199356000,0,0,0,27575,96267837920,304811302422
2022-12-30,ZHZ0XK5K,0,25319144,7,2504,813033356,27851,6,31,4295032833,24,329,1364,24,25319144,0,0,0,27606,96324765032,305068619822
2022-12-31,ZHZ0XK5K,0,226105992,7,2504,814390473,27867,6,31,4295032833,24,330,1365,24,226105992,0,0,0,27622,96352977552,305241194150
