2022-01-01,ZHZ4LB60,0,114584248,9,0,604332252,18456,8,0,4295032833,27,175,918,27,114584248,0,0,0,18305,68941067760,292991143452
2022-01-02,ZHZ4LB60,0,42961880,9,0,608501472,18471,8,0,4295032833,27,175,918,27,42961880,0,0,0,18320,68943291624,294138001588
2022-01-03,ZHZ4LB60,0,60733800,9,0,617552591,18502,8,0,4295032833,27,176,920,27,60733800,0,0,0,18351,68953082320,295854978740
2022-01-04,ZHZ4LB60,0,53366168,9,0,621270804,18518,8,0,4295032833,27,176,920,27,53366168,0,0,0,18366,68956069360,296821187212
2022-01-05,ZHZ4LB60,0,19681400,9,0,627774125,18549,8,0,4295032833,26,176,922,26,19681400,0,0,0,18397,68959552824,298493004820
2022-01-06,ZHZ4LB60,0,204107480,9,0,631138789,18564,8,0,4295032833,27,176,922,27,204107480,0,0,0,18413,68961658984,298919465524
2022-01-07,ZHZ4LB60,0,47104384,9,0,638322608,18595,8,0,4295032833,27,176,924,27,47104384,0,0,0,18443,68967364256,300954024884
2022-01-08,ZHZ4LB60,0,214602160,9,0,642045486,18611,8,0,4295032833,27,176,924,27,214602160,0,0,0,18459,68968567288,302096882940
2022-01-09,ZHZ4LB60,0,52408392,9,0,650206427,18642,8,0,4295032833,26,176,925,26,52408392,0,0,0,18490,68972549432,304127974060
2022-01-10,ZHZ4LB60,0,182665544,9,0,659194440,18673,8,0,4295032833,28,177,927,28,182665544,0,0,0,18521,68983088896,305956676956
2022-01-11,ZHZ4LB60,0,78585904,9,0,665909942,18704,8,0,4295032833,26,177,928,26,78585904,0,0,0,18552,68990583712,309018932964
2022-01-12,ZHZ4LB60,0,66180624,9,0,669012997,18720,8,0,4295032833,26,177,929,26,66180624,0,0,0,18567,68997654504,309487738260
2022-01-13,ZHZ4LB60,0,99914872,9,0,671964575,18735,8,0,4295032833,27,177,930,27,99914872,0,0,0,18583,69002747184,310981229236
2022-01-14,ZHZ4LB60,0,121643792,9,0,677424615,18767,8,0,4295032833,27,177,931,27,121643792,0,0,0,18614,69006936888,313684319284
2022-01-15,ZHZ4LB60,0,162320328,9,0,680939025,18782,8,0,4295032833,27,177,932,27,162320328,0,0,0,18629,69009382472,315187395148
2022-01-16,ZHZ4LB60,0,69060960,9,0,687813393,18813,8,0,4295032833,27,177,933,27,69060960,0,0,0,18660,69015175344,317285610212
2022-01-17,ZHZ4LB60,0,207447768,9,0,691761377,18829,8,0,4295032833,28,177,934,28,207447768,0,0,0,18675,69020514960,318151079604
2022-01-18,ZHZ4LB60,0,153160368,9,0,699868473,18860,8,0,4295032833,26,177,935,26,153160368,0,0,0,18706,69024056536,320046378148
2022-01-19,ZHZ4LB60,0,206206864,9,0,703106190,18875,8,0,4295032833,27,177,936,27,206206864,0,0,0,18722,69025134736,321074909788
2022-01-20,ZHZ4LB60,0,15432192,9,0,709628441,18907,8,0,4295032833,28,177,937,28,15432192,0,0,0,18753,69029941272,321855892028
2022-01-21,ZHZ4LB60,0,124354168,9,0,713784235,18922,8,0,4295032833,27,177,938,27,124354168,0,0,0,18768,69033553168,322937765812
2022-01-22,ZHZ4LB60,0,170240384,9,0,722159251,18953,8,0,4295032833,27,177,939,27,170240384,0,0,0,18799,69036616088,325177863788
2022-01-23,ZHZ4LB60,0,82994464,9,0,729201514,18984,8,0,4295032833,27,178,941,27,82994464,0,0,0,18830,69039365952,327285134756
2022-01-24,ZHZ4LB60,0,150687816,9,0,734078067,19000,8,0,4295032833,28,178,941,28,150687816,0,0,0,18845,69040675720,328816362828
2022-01-25,ZHZ4LB60,0,234518568,9,0,741166008,19031,8,0,4295032833,27,178,942,27,234518568,0,0,0,18876,69042492464,332072209004
2022-01-26,ZHZ4LB60,0,100030832,9,0,743478406,19047,8,0,4295032833,26,178,943,26,100030832,0,0,0,18892,69043261608,333157656652
2022-01-27,ZHZ4LB60,0,113355464,9,0,749701171,19078,8,0,4295032833,26,179,944,26,113355464,0,0,0,18923,69045523960,336098416460
2022-01-28,ZHZ4LB60,0,119745104,9,0,751788212,19093,8,0,4295032833,27,179,945,27,119745104,0,0,0,18938,69047191328,336835561196
2022-01-29,ZHZ4LB60,0,61132264,9,0,758816215,19124,8,0,4295032833,27,179,946,27,61132264,0,0,0,18969,69053194848,338968212468
2022-01-30,ZHZ4LB60,0,132820792,9,0,762073618,19140,8,0,4295032833,28,179,947,28,132820792,0,0,0,18985,69057916240,340011744180
2022-01-31,ZHZ4LB60,0,45887632,9,0,782369097,19171,8,0,4295032833,28,179,948,28,45887632,0,0,0,19016,69058764848,348468890340
2022-02-01,ZHZ4LB60,0,101861464,9,0,793907265,19187,8,0,4295032833,29,179,949,29,101861464,0,0,0,19031,69058816208,352186924444
2022-02-02,ZHZ4LB60,0,18909632,9,0,817586493,19218,8,0,4295032833,28,179,951,28,18909632,0,0,0,19062,69059091352,358939639668
2022-02-03,ZHZ4LB60,0,142621504,9,0,829779850,19249,8,0,4295032833,28,180,952,28,142621504,0,0,0,19093,69066428384,362473986540
2022-02-04,ZHZ4LB60,0,149440848,9,0,834164868,19264,8,0,4295032833,28,180,952,28,149440848,0,0,0,19109,69068807288,363699130836
2022-02-05,ZHZ4LB60,0,143252032,9,0,842926585,19295,8,0,4295032833,27,180,954,27,143252032,0,0,0,19139,69072394784,366130762172
2022-02-06,ZHZ4LB60,0,210864624,9,0,847145198,19311,8,0,4295032833,27,180,954,27,210864624,0,0,0,19155,69076571072,367170761548
2022-02-07,ZHZ4LB60,0,141224088,9,0,855519912,19342,8,0,4295032833,27,180,956,27,141224088,0,0,0,19186,69080942136,369782299172
2022-02-08,ZHZ4LB60,0,44705968,9,0,860085933,19358,8,0,4295032833,28,180,956,28,44705968,0,0,0,19201,69083043376,370904383940
2022-02-09,ZHZ4LB60,0,87979064,9,0,867516374,19389,8,0,4295032833,27,181,959,27,87979064,0,0,0,19232,69088940320,372894886268
2022-02-10,ZHZ4LB60,0,142227208,9,0,870443207,19404,8,0,4295032833,27,181,959,27,142227208,0,0,0,19248,69089689704,374413230604
2022-02-11,ZHZ4LB60,0,192564176,9,0,876161295,19435,8,0,4295032833,29,181,961,29,192564176,0,0,0,19279,69091185304,377147667428
2022-02-12,ZHZ4LB60,0,177597480,9,0,883242436,19467,8,0,4295032833,29,181,962,29,177597480,0,0,0,19310,69093229952,379572067044
2022-02-13,ZHZ4LB60,0,42488632,9,0,886529018,19482,8,0,4295032833,29,181,962,29,42488632,0,0,0,19325,69093740280,380657151924
2022-02-14,ZHZ4LB60,0,73932800,9,0,895088750,19513,8,0,4295032833,30,181,964,30,73932800,0,0,0,19356,69095182304,382884421252
2022-02-15,ZHZ4LB60,0,71202888,9,0,899729834,19529,8,0,4295032833,30,181,964,30,71202888,0,0,0,19372,69097547680,383855889060
2022-02-16,ZHZ4LB60,0,107490080,9,0,906098651,19560,8,0,4295032833,28,182,966,28,107490080,0,0,0,19403,69103104384,385351463716
2022-02-17,ZHZ4LB60,0,149247000,9,0,908456571,19575,8,0,4295032833,29,182,966,29,149247000,0,0,0,19418,69104450912,385391874108
2022-02-18,ZHZ4LB60,0,175667472,9,0,915943619,19606,8,0,4295032833,29,182,968,29,175667472,0,0,0,19449,69106794312,387124938036
2022-02-19,ZHZ4LB60,0,165682216,9,0,919944231,19622,8,0,4295032833,29,182,968,29,165682216,0,0,0,19464,69107791224,388334661356
2022-02-20,ZHZ4LB60,0,167896616,9,0,927102778,19653,8,0,4295032833,28,183,970,28,167896616,0,0,0,19495,69112698288,391505814020
2022-02-21,ZHZ4LB60,0,61801472,9,0,930806399,19668,8,0,4295032833,29,183,970,29,61801472,0,0,0,19511,69115953800,393349600764
2022-02-22,ZHZ4LB60,0,107239088,9,0,938594081,19699,8,0,4295032833,29,183,971,29,107239088,0,0,0,19542,69117761792,396078779564
2022-02-23,ZHZ4LB60,0,159564144,9,0,941918773,19715,8,0,4295032833,29,184,972,29,159564144,0,0,0,19557,69120752768,397592966468
2022-02-24,ZHZ4LB60,0,135831856,9,0,946310514,19746,8,0,4295032833,28,185,973,28,135831856,0,0,0,19588,69124387104,397809740708
2022-02-25,ZHZ4LB60,0,233631296,9,0,950059096,19762,8,0,4295032833,29,185,974,29,233631296,0,0,0,19603,69127086800,399125555068
2022-02-26,ZHZ4LB60,0,153058720,9,0,957345704,19793,8,0,4295032833,28,185,975,28,153058720,0,0,0,19635,69131170792,401482306532
2022-02-27,ZHZ4LB60,0,41267992,9,0,960861256,19809,8,0,4295032833,29,185,976,29,41267992,0,0,0,19650,69132282224,402590108364
2022-02-28,ZHZ4LB60,0,208475320,9,0,969147649,19840,8,0,4295032833,29,186,977,29,208475320,0,0,0,19682,69135986448,404706737516
2022-03-01,ZHZ4LB60,0,23648000,9,0,973111309,19856,8,0,4295032833,29,186,978,29,23648000,0,0,0,19697,69139065096,405495394380
2022-03-02,ZHZ4LB60,0,183391424,9,0,979666200,19887,8,0,4295032833,28,186,979,28,183391424,0,0,0,19728,69147581616,406867325276
2022-03-03,ZHZ4LB60,0,154249376,9,0,984578888,19918,8,0,4295032833,28,188,981,28,154249376,0,0,0,19759,69240935744,407233110620
2022-03-04,ZHZ4LB60,0,15483040,9,0,988674816,19934,8,0,4295032833,29,188,981,29,15483040,0,0,0,19775,69290786016,408021057348
2022-03-05,ZHZ4LB60,0,79332520,9,0,995878452,19965,8,0,4295032833,27,188,982,27,79332520,0,0,0,19806,69386195936,409942623644
2022-03-06,ZHZ4LB60,0,79173184,9,0,999201767,19981,8,0,4295032833,27,188,983,27,79173184,0,0,0,19821,69433122680,411360417956
2022-03-07,ZHZ4LB60,0,116635760,9,0,5997445,20012,8,0,4295032833,29,188,984,29,116635760,0,0,0,19852,69535229336,413737181580
2022-03-08,ZHZ4LB60,0,238129576,9,0,9901227,20027,8,0,4295032833,28,188,985,28,238129576,0,0,0,19867,69601890584,414768588772
2022-03-09,ZHZ4LB60,0,174917888,9,0,16238650,20059,8,0,4295032833,27,188,986,27,174917888,0,0,0,19898,69721822512,416538576620
2022-03-10,ZHZ4LB60,0,176059304,9,0,22084015,20090,8,0,4295032833,27,188,988,27,176059304,0,0,0,19929,69826322616,416679358588
2022-03-11,ZHZ4LB60,0,95944520,9,0,25029666,20105,8,0,4295032833,27,188,988,27,95944520,0,0,0,19945,69874359872,417527769436
2022-03-12,ZHZ4LB60,0,225151656,9,0,31722538,20136,8,0,4295032833,28,188,990,28,225151656,0,0,0,19975,69981613616,419746995500
2022-03-13,ZHZ4LB60,0,193153664,9,0,35249108,20152,8,0,4295032833,28,188,990,28,193153664,0,0,0,19991,70037857584,420635317644
2022-03-14,ZHZ4LB60,0,16074200,9,0,42960050,20183,8,0,4295032833,28,188,991,28,16074200,0,0,0,20022,70148687576,422300534788
2022-03-15,ZHZ4LB60,0,125117408,9,0,47271648,20199,8,0,4295032833,28,188,992,28,125117408,0,0,0,20037,70208696240,423081991428
2022-03-16,ZHZ4LB60,0,136802600,9,0,53923111,20230,8,0,4295032833,27,188,993,27,136802600,0,0,0,20069,70328546320,424194530636
2022-03-17,ZHZ4LB60,0,31044496,9,0,56997138,20245,8,0,4295032833,27,188,994,27,31044496,0,0,0,20084,70394672696,424266786788
2022-03-18,ZHZ4LB60,0,25994528,9,0,63386107,20276,8,0,4295032833,28,188,995,28,25994528,0,0,0,20115,70488562640,425876832516
2022-03-19,ZHZ4LB60,0,111555944,9,0,66988743,20292,8,0,4295032833,28,188,996,28,111555944,0,0,0,20131,70539156224,426644222516
2022-03-20,ZHZ4LB60,0,30846144,9,0,74591710,20323,8,0,4295032833,28,188,997,28,30846144,0,0,0,20162,70630509328,428425285844
2022-03-21,ZHZ4LB60,0,197492208,9,0,78656224,20339,8,0,4295032833,29,188,998,29,197492208,0,0,0,20177,70680526280,429274337388
2022-03-22,ZHZ4LB60,0,170279112,9,0,88087348,20370,8,0,4295032833,29,188,999,29,170279112,0,0,0,20208,70792051520,430600444060
2022-03-23,ZHZ4LB60,0,242314240,9,0,91887097,20385,8,0,4295032833,28,188,1000,28,242314240,0,0,0,20224,70855640768,431341312212
2022-03-24,ZHZ4LB60,0,234022848,9,0,98392357,20417,8,0,4295032833,28,188,1001,28,234022848,0,0,0,20255,70963330080,432934316212
2022-03-25,ZHZ4LB60,0,39455792,9,0,104930278,20448,8,0,4295032833,28,188,1003,28,39455792,0,0,0,20286,71091494712,435053007500
2022-03-26,ZHZ4LB60,0,225780216,9,0,108435781,20463,8,0,4295032833,27,188,1003,27,225780216,0,0,0,20301,71154315040,436153075012
2022-03-27,ZHZ4LB60,0,157709200,9,0,115064736,20495,8,0,4295032833,27,188,1004,27,157709200,0,0,0,20332,71278989208,438890021644
2022-03-28,ZHZ4LB60,0,156375976,9,0,118915979,20510,8,0,4295032833,29,188,1005,29,156375976,0,0,0,20348,71338811112,440049570356
2022-03-29,ZHZ4LB60,0,38842216,9,0,127322554,20541,8,0,4295032833,28,188,1006,28,38842216,0,0,0,20379,71448140568,442019974620
2022-03-30,ZHZ4LB60,0,29634784,9,0,131065643,20557,8,0,4295032833,27,188,1007,27,29634784,0,0,0,20395,71505929304,442929542084
2022-03-31,ZHZ4LB60,0,40020928,9,0,137937132,20588,8,0,4295032833,28,188,1008,28,40020928,0,0,0,20426,71621099296,444533743084
2022-04-01,ZHZ4LB60,0,56564896,9,0,141346702,20604,8,0,4295032833,28,188,1009,28,56564896,0,0,0,20441,71690501568,445213306980
2022-04-02,ZHZ4LB60,0,168668320,9,0,147779005,20635,8,0,4295032833,27,188,1010,27,168668320,0,0,0,20473,71819010048,446661746292
2022-04-03,ZHZ4LB60,0,1509136,9,0,151337894,20651,8,0,4295032833,27,188,1011,27,1509136,0,0,0,20488,71886053960,447404106244
2022-04-04,ZHZ4LB60,0,146571144,9,0,158485994,20682,8,0,4295032833,28,188,1012,28,146571144,0,0,0,20519,72034093256,448865974100
2022-04-05,ZHZ4LB60,0,132552976,9,0,162917421,20697,8,0,4295032833,28,188,1013,28,132552976,0,0,0,20535,72098072192,449520399468
2022-04-06,ZHZ4LB60,0,227940960,9,0,170797223,20729,8,0,4295032833,27,188,1014,27,227940960,0,0,0,20566,72223889632,450710673396
2022-04-07,ZHZ4LB60,0,65017616,9,0,178349309,20760,8,0,4295032833,28,188,1015,28,65017616,0,0,0,20597,72349861864,452374905116
2022-04-08,ZHZ4LB60,0,123927968,9,0,182229536,20776,8,0,4295032833,27,188,1016,27,123927968,0,0,0,20612,72444113936,453071986092
2022-04-09,ZHZ4LB60,0,175300192,9,0,189825706,20807,8,0,4295032833,29,188,1017,29,175300192,0,0,0,20644,72556183632,454476133356
2022-04-10,ZHZ4LB60,0,199453968,9,0,193323930,20823,8,0,4295032833,27,188,1018,27,199453968,0,0,0,20659,72617950280,455170942708
2022-04-11,ZHZ4LB60,0,241125080,9,0,201284680,20854,8,0,4295032833,29,188,1019,29,241125080,0,0,0,20691,72720531760,456574877148
2022-04-12,ZHZ4LB60,0,188466864,9,0,206071447,20870,8,0,4295032833,27,188,1020,27,188466864,0,0,0,20706,72781764824,457193408324
2022-04-13,ZHZ4LB60,0,120865576,9,0,212132711,20901,8,0,4295032833,27,188,1021,27,120865576,0,0,0,20737,72888203520,458728354604
2022-04-14,ZHZ4LB60,0,29874096,9,0,215403867,20917,8,0,4295032833,27,188,1022,27,29874096,0,0,0,20753,72949453320,459796818276
2022-04-15,ZHZ4LB60,0,68836968,9,0,221659556,20948,8,0,4295032833,29,188,1023,29,68836968,0,0,0,20784,73048509152,462178150860
2022-04-16,ZHZ4LB60,0,134279888,9,0,224764524,20964,8,0,4295032833,27,188,1024,27,134279888,0,0,0,20800,73106614832,463162051124
2022-04-17,ZHZ4LB60,0,59645448,9,0,231055128,20995,8,0,4295032833,28,188,1025,28,59645448,0,0,0,20831,73202089864,465433358204
2022-04-18,ZHZ4LB60,0,133964424,9,0,234489589,21011,8,0,4295032833,28,188,1026,28,133964424,0,0,0,20847,73263726536,466422603628
2022-04-19,ZHZ4LB60,0,192559072,9,0,243234665,21042,8,0,4295032833,30,188,1027,30,192559072,0,0,0,20878,73357426368,468096484284
2022-04-20,ZHZ4LB60,0,133561168,9,0,247094406,21058,8,0,4295032833,28,188,1028,28,133561168,0,0,0,20893,73412457136,468714877556
2022-04-21,ZHZ4LB60,0,93376952,9,0,254377346,21089,8,0,4295032833,28,188,1029,28,93376952,0,0,0,20924,73485819616,470310316052
2022-04-22,ZHZ4LB60,0,82808592,9,0,261735391,21120,8,0,4295032833,28,188,1030,28,82808592,0,0,0,20955,73555424944,472183268828
2022-04-23,ZHZ4LB60,0,11104224,9,0,265276948,21136,8,0,4295032833,28,188,1031,28,11104224,0,0,0,20971,73587776008,473055776828
2022-04-24,ZHZ4LB60,0,144017320,9,0,273196923,21167,8,0,4295032833,28,188,1032,28,144017320,0,0,0,21002,73660869080,474824582476
2022-04-25,ZHZ4LB60,0,243232328,9,0,277500929,21183,8,0,4295032833,29,189,1033,29,243232328,0,0,0,21018,73704343832,475612745324
2022-04-26,ZHZ4LB60,0,70097336,9,0,287062737,21214,8,0,4295032833,29,189,1034,29,70097336,0,0,0,21049,73778158592,477074780908
2022-04-27,ZHZ4LB60,0,219086400,9,0,291262288,21230,8,0,4295032833,28,189,1035,28,219086400,0,0,0,21064,73826356056,477663853796
2022-04-28,ZHZ4LB60,0,78964016,9,0,298485039,21261,8,0,4295032833,29,189,1036,29,78964016,0,0,0,21096,73915347528,479387866212
2022-04-29,ZHZ4LB60,0,20997024,9,0,301922347,21277,8,0,4295032833,29,189,1037,29,20997024,0,0,0,21111,73965939912,480255870092
2022-04-30,ZHZ4LB60,0,164622016,9,0,309362986,21309,8,0,4295032833,29,189,1038,29,164622016,0,0,0,21143,74047507640,482026912780
2022-05-01,ZHZ4LB60,0,128660256,9,0,312663873,21324,8,0,4295032833,30,189,1039,30,128660256,0,0,0,21159,74083682048,483175480332
2022-05-02,ZHZ4LB60,0,163984784,9,0,319930826,21356,8,0,4295032833,31,189,1040,31,163984784,0,0,0,21190,74161663576,485574247044
2022-05-03,ZHZ4LB60,0,40745896,9,0,327981448,21388,8,0,4295032833,30,189,1041,30,40745896,0,0,0,21222,74253589352,487556350812
2022-05-04,ZHZ4LB60,0,13279296,9,0,330787557,21403,8,0,4295032833,30,189,1042,30,13279296,0,0,0,21237,74290179480,488224717292
2022-05-05,ZHZ4LB60,0,179078520,9,0,334130940,21419,8,0,4295032833,30,189,1043,30,179078520,0,0,0,21252,74328042472,489329217268
2022-05-06,ZHZ4LB60,0,18386280,9,0,341034737,21450,8,0,4295032833,29,189,1044,29,18386280,0,0,0,21283,74397180216,491540795572
2022-05-07,ZHZ4LB60,0,23185464,9,0,348046464,21481,8,0,4295032833,30,189,1045,30,23185464,0,0,0,21315,74485866112,493165894316
2022-05-08,ZHZ4LB60,0,41538600,9,0,351446332,21497,8,0,4295032833,30,189,1046,30,41538600,0,0,0,21330,74540926824,493861609476
2022-05-09,ZHZ4LB60,0,179750248,9,0,359347329,21528,8,0,4295032833,31,189,1047,31,179750248,0,0,0,21361,74630323464,495375269852
2022-05-10,ZHZ4LB60,0,160964664,9,0,363643476,21544,8,0,4295032833,30,189,1048,30,160964664,0,0,0,21377,74682379880,496036850316
2022-05-11,ZHZ4LB60,0,2874392,9,0,370699607,21575,8,0,4295032833,29,189,1049,29,2874392,0,0,0,21408,74773499696,497008343852
2022-05-12,ZHZ4LB60,0,124963880,9,0,374264142,21590,8,0,4295032833,30,189,1050,30,124963880,0,0,0,21423,74821787376,497082145660
2022-05-13,ZHZ4LB60,0,85230144,9,0,380853356,21622,8,0,4295032833,29,189,1051,29,85230144,0,0,0,21454,74900011824,497452468932
2022-05-14,ZHZ4LB60,0,74306880,9,0,384176939,21637,8,0,4295032833,30,189,1052,30,74306880,0,0,0,21470,74943178440,498130801300
2022-05-15,ZHZ4LB60,0,38402184,9,0,390360372,21669,8,0,4295032833,29,189,1053,29,38402184,0,0,0,21501,75016220640,499486699540
2022-05-16,ZHZ4LB60,0,9783544,9,0,393904296,21684,8,0,4295032833,30,189,1054,30,9783544,0,0,0,21516,75056424784,500150299228
2022-05-17,ZHZ4LB60,0,30140136,9,0,402385878,21716,8,0,4295032833,29,189,1055,29,30140136,0,0,0,21547,75154379664,501293405068
2022-05-18,ZHZ4LB60,0,220838208,9,0,406518887,21731,8,0,4295032833,30,190,1056,30,220838208,0,0,0,21563,75210764432,501915999676
2022-05-19,ZHZ4LB60,0,44017312,9,0,414320998,21762,8,0,4295032833,32,190,1057,32,44017312,0,0,0,21594,75289646928,503369281508
2022-05-20,ZHZ4LB60,0,211602088,9,0,418042275,21778,8,0,4295032833,30,190,1058,30,211602088,0,0,0,21610,75344704712,504214230732
2022-05-21,ZHZ4LB60,0,61905728,9,0,425974254,21809,8,0,4295032833,31,190,1059,31,61905728,0,0,0,21641,75429586336,505932779164
2022-05-22,ZHZ4LB60,0,6024440,9,0,432941626,21841,8,0,4295032833,31,190,1061,31,6024440,0,0,0,21672,75510752632,507504722396
2022-05-23,ZHZ4LB60,0,19651784,9,0,437188821,21856,8,0,4295032833,30,190,1061,30,19651784,0,0,0,21687,75548446648,508701361812
2022-05-24,ZHZ4LB60,0,30157888,9,0,445643290,21887,8,0,4295032833,31,190,1063,31,30157888,0,0,0,21718,75653780928,510803801108
2022-05-25,ZHZ4LB60,0,199716456,9,0,448817995,21903,8,0,4295032833,30,190,1063,30,199716456,0,0,0,21734,75702012992,511657549676
2022-05-26,ZHZ4LB60,0,214349040,9,0,455541201,21934,8,0,4295032833,30,190,1065,30,214349040,0,0,0,21765,75781420656,514034182148
2022-05-27,ZHZ4LB60,0,29533696,9,0,459108779,21950,8,0,4295032833,30,190,1065,30,29533696,0,0,0,21780,75833713312,515017784948
2022-05-28,ZHZ4LB60,0,175044696,9,0,466493142,21981,8,0,4295032833,32,190,1067,32,175044696,0,0,0,21812,75922122240,516783882884
2022-05-29,ZHZ4LB60,0,43990536,9,0,470242985,21997,8,0,4295032833,31,190,1067,31,43990536,0,0,0,21827,75991453744,517560060604
2022-05-30,ZHZ4LB60,0,141138984,9,0,478156781,22028,8,0,4295032833,32,190,1068,32,141138984,0,0,0,21858,76090263424,519023245172
2022-05-31,ZHZ4LB60,0,143453688,9,0,482545119,22044,8,0,4295032833,30,190,1069,30,143453688,0,0,0,21874,76133089120,519715156444
2022-06-01,ZHZ4LB60,0,226960440,9,0,489578366,22075,8,0,4295032833,30,190,1070,30,226960440,0,0,0,21905,76183601528,520968854812
2022-06-02,ZHZ4LB60,0,16908048,9,0,496774956,22106,8,0,4295032833,30,190,1072,30,16908048,0,0,0,21936,76251215912,521423610540
2022-06-03,ZHZ4LB60,0,155961632,9,0,500650503,22122,8,0,4295032833,33,190,1072,33,155961632,0,0,0,21952,76293162992,522253139156
2022-06-04,ZHZ4LB60,0,179089184,9,0,508638860,22153,8,0,4295032833,33,190,1074,33,179089184,0,0,0,21983,76383264432,523895150900
2022-06-05,ZHZ4LB60,0,47366584,9,0,512760613,22169,8,0,4295032833,33,190,1074,33,47366584,0,0,0,21998,76451280568,524671975308
2022-06-06,ZHZ4LB60,0,33435768,9,0,521476431,22200,8,0,4295032833,33,190,1076,33,33435768,0,0,0,22029,76543045992,526031124340
2022-06-07,ZHZ4LB60,0,17100432,9,0,525737498,22216,8,0,4295032833,32,190,1076,32,17100432,0,0,0,22045,76595070328,526695187036
2022-06-08,ZHZ4LB60,0,81135696,9,0,532683718,22247,8,0,4295032833,33,190,1078,33,81135696,0,0,0,22076,76691752440,527639103180
2022-06-09,ZHZ4LB60,0,194196400,9,0,536341444,22263,8,0,4295032833,34,190,1078,34,194196400,0,0,0,22092,76738142160,528438196620
2022-06-10,ZHZ4LB60,0,234678792,9,0,543809908,22294,8,0,4295032833,34,190,1080,34,234678792,0,0,0,22123,76825184384,530100621940
2022-06-11,ZHZ4LB60,0,83050656,9,0,547521821,22310,8,0,4295032833,33,190,1080,33,83050656,0,0,0,22139,76870927096,530879813772
2022-06-12,ZHZ4LB60,0,20332968,9,0,554601695,22341,8,0,4295032833,28,191,1081,28,20332968,0,0,0,22170,76946627080,533182807932
2022-06-13,ZHZ4LB60,0,69430240,9,0,558386889,22356,8,0,4295032833,32,191,1082,32,69430240,0,0,0,22185,76989660824,534409575556
2022-06-14,ZHZ4LB60,0,113949376,9,0,566731157,22388,8,0,4295032833,34,191,1083,34,113949376,0,0,0,22216,77037180392,536603858836
2022-06-15,ZHZ4LB60,0,111026568,9,0,570483036,22403,8,0,4295032833,33,191,1084,33,111026568,0,0,0,22232,77071978120,537542702716
2022-06-16,ZHZ4LB60,0,162382056,9,0,576353846,22435,8,0,4295032833,32,191,1085,32,162382056,0,0,0,22263,77148175968,537762001012
2022-06-17,ZHZ4LB60,0,137501416,9,0,582994582,22466,8,0,4295032833,28,191,1087,28,137501416,0,0,0,22294,77235087464,539603335100
2022-06-18,ZHZ4LB60,0,210739224,9,0,586545871,22482,8,0,4295032833,28,191,1087,28,210739224,0,0,0,22309,77282446832,540605777148
2022-06-19,ZHZ4LB60,0,14454000,9,0,593581065,22513,8,0,4295032833,30,192,1089,30,14454000,0,0,0,22340,77367699280,542277366100
2022-06-20,ZHZ4LB60,0,114927888,9,0,597576286,22528,8,0,4295032833,29,192,1089,29,114927888,0,0,0,22356,77414923960,543063038460
2022-06-21,ZHZ4LB60,0,217268192,9,0,606224942,22560,8,0,4295032833,29,192,1091,29,217268192,0,0,0,22387,77497075568,544548072116
2022-06-22,ZHZ4LB60,0,103242616,9,0,609895136,22575,8,0,4295032833,27,192,1091,27,103242616,0,0,0,22402,77538798504,545124746420
2022-06-23,ZHZ4LB60,0,44990440,9,0,617754248,22606,8,0,4295032833,28,192,1093,28,44990440,0,0,0,22433,77616211280,546698066948
2022-06-24,ZHZ4LB60,0,84510264,9,0,621245876,22622,8,0,4295032833,28,192,1093,28,84510264,0,0,0,22449,77659829136,547426391372
2022-06-25,ZHZ4LB60,0,2724520,9,0,629869482,22653,8,0,4295032833,29,192,1094,29,2724520,0,0,0,22480,77703185528,549010234596
2022-06-26,ZHZ4LB60,0,100939760,9,0,635179792,22669,8,0,4295032833,29,192,1095,29,100939760,0,0,0,22495,77746115768,549553800860
2022-06-27,ZHZ4LB60,0,237349880,9,0,643257463,22700,8,0,4295032833,28,192,1096,28,237349880,0,0,0,22526,77816473896,551084697244
2022-06-28,ZHZ4LB60,0,195122848,9,0,647235211,22716,8,0,4295032833,28,192,1097,28,195122848,0,0,0,22542,77858595656,551732770684
2022-06-29,ZHZ4LB60,0,150708600,9,0,654430408,22747,8,0,4295032833,27,192,1098,27,150708600,0,0,0,22573,77942411008,552825244636
2022-06-30,ZHZ4LB60,0,50427520,9,0,662508995,22778,8,0,4295032833,28,192,1100,28,50427520,0,0,0,22603,78015406752,554605094668
2022-07-01,ZHZ4LB60,0,188817960,9,0,666471410,22794,8,0,4295032833,29,192,1100,29,188817960,0,0,0,22619,78052284992,555439029644
2022-07-02,ZHZ4LB60,0,234148888,9,0,673043656,22825,8,0,4295032833,29,192,1102,29,234148888,0,0,0,22650,78117600264,557616312036
2022-07-03,ZHZ4LB60,0,44051872,9,0,676298019,22840,8,0,4295032833,27,192,1102,27,44051872,0,0,0,22666,78161383584,558847280420
2022-07-04,ZHZ4LB60,0,28421336,9,0,683658663,22872,8,0,4295032833,28,193,1104,28,28421336,0,0,0,22697,78252389176,560937913500
2022-07-05,ZHZ4LB60,0,199962952,9,0,687813669,22887,8,0,4295032833,29,193,1104,29,199962952,0,0,0,22712,78296107304,561798159260
2022-07-06,ZHZ4LB60,0,121685552,9,0,694473306,22918,8,0,4295032833,31,193,1105,31,121685552,0,0,0,22743,78368961024,563111873556
2022-07-07,ZHZ4LB60,0,223200256,9,0,697869146,22934,8,0,4295032833,29,193,1106,29,223200256,0,0,0,22759,78402751968,563179597316
2022-07-08,ZHZ4LB60,0,158669808,9,0,705345089,22965,8,0,4295032833,30,193,1107,30,158669808,0,0,0,22790,78442572528,565028387620
2022-07-09,ZHZ4LB60,0,91336024,9,0,709107737,22981,8,0,4295032833,31,193,1108,31,91336024,0,0,0,22806,78470178176,565910011020
2022-07-10,ZHZ4LB60,0,177791840,9,0,716423471,23012,8,0,4295032833,30,193,1109,30,177791840,0,0,0,22837,78540246848,567635389780
2022-07-11,ZHZ4LB60,0,94291560,9,0,720302716,23028,8,0,4295032833,30,193,1110,30,94291560,0,0,0,22852,78577557032,568491142388
2022-07-12,ZHZ4LB60,0,182562776,9,0,729400407,23059,8,0,4295032833,30,193,1111,30,182562776,0,0,0,22884,78654486624,569967341316
2022-07-13,ZHZ4LB60,0,20975088,9,0,736711133,23091,8,0,4295032833,31,194,1113,31,20975088,0,0,0,22915,78732931376,570948013300
2022-07-14,ZHZ4LB60,0,182523936,9,0,740452260,23106,8,0,4295032833,30,194,1113,30,182523936,0,0,0,22930,78767730416,571807186004
2022-07-15,ZHZ4LB60,0,122625576,9,0,748752248,23137,8,0,4295032833,30,195,1115,30,122625576,0,0,0,22961,78826234504,573397768220
2022-07-16,ZHZ4LB60,0,233989080,9,0,752550430,23153,8,0,4295032833,30,195,1115,30,233989080,0,0,0,22977,78852739632,574215048956
2022-07-17,ZHZ4LB60,0,104786800,9,0,759433890,23184,8,0,4295032833,34,195,1117,34,104786800,0,0,0,23008,78932339072,575959373716
2022-07-18,ZHZ4LB60,0,241419912,9,0,763506955,23200,8,0,4295032833,32,195,1117,32,241419912,0,0,0,23024,78972048224,576788720180
2022-07-19,ZHZ4LB60,0,43888416,9,0,772328436,23231,8,0,4295032833,31,195,1119,31,43888416,0,0,0,23054,79049089376,578223133036
2022-07-20,ZHZ4LB60,0,184554872,9,0,776380708,23247,8,0,4295032833,29,195,1119,29,184554872,0,0,0,23070,79085739296,578815431148
2022-07-21,ZHZ4LB60,0,82863728,9,0,783550675,23278,8,0,4295032833,30,195,1121,30,82863728,0,0,0,23101,79164080656,580344383916
2022-07-22,ZHZ4LB60,0,69344672,9,0,787035626,23293,8,0,4295032833,31,195,1121,31,69344672,0,0,0,23116,79210540888,581505112972
2022-07-23,ZHZ4LB60,0,116757832,9,0,793365451,23324,8,0,4295032833,32,195,1123,32,116757832,0,0,0,23147,79290694488,583913783436
2022-07-24,ZHZ4LB60,0,54499240,9,0,796695132,23340,8,0,4295032833,32,195,1123,32,54499240,0,0,0,23162,79335711200,585027214716
2022-07-25,ZHZ4LB60,0,48652128,9,0,804005977,23371,8,0,4295032833,32,195,1125,32,48652128,0,0,0,23194,79409009808,587145343196
2022-07-26,ZHZ4LB60,0,62315968,9,0,812389531,23402,8,0,4295032833,32,195,1126,32,62315968,0,0,0,23225,79482434016,588794573684
2022-07-27,ZHZ4LB60,0,76192368,9,0,815896486,23418,8,0,4295032833,31,195,1127,31,76192368,0,0,0,23240,79534828384,589244337356
2022-07-28,ZHZ4LB60,0,97864432,9,0,823011741,23449,8,0,4295032833,31,195,1128,31,97864432,0,0,0,23271,79603324880,590906498172
2022-07-29,ZHZ4LB60,0,37845904,9,0,826558757,23465,8,0,4295032833,31,195,1128,31,37845904,0,0,0,23287,79645937200,591780431076
2022-07-30,ZHZ4LB60,0,123128176,9,0,833941871,23497,8,0,4295032833,31,195,1130,31,123128176,0,0,0,23318,79707589040,593513048662
2022-07-31,ZHZ4LB60,0,238765312,9,0,837980687,23512,8,0,4295032833,29,195,1130,29,238765312,0,0,0,23334,79740194048,594328502990
2022-08-01,ZHZ4LB60,0,132275272,9,0,846224280,23544,8,0,4295032833,31,195,1132,31,132275272,0,0,0,23365,79814783400,595856409198
2022-08-02,ZHZ4LB60,0,80526840,9,0,850778934,23559,8,0,4295032833,32,195,1132,32,80526840,0,0,0,23381,79853664632,596498201750
2022-08-03,ZHZ4LB60,0,33340792,9,0,858182876,23590,8,0,4295032833,31,196,1134,31,33340792,0,0,0,23412,79947826536,597333417702
2022-08-04,ZHZ4LB60,0,180423248,9,0,861954441,23606,8,0,4295032833,31,196,1134,31,180423248,0,0,0,23427,79999713760,597916894366
2022-08-05,ZHZ4LB60,0,9640048,9,0,868081567,23637,8,0,4295032833,30,196,1136,30,9640048,0,0,0,23458,80099057568,599111611734
2022-08-06,ZHZ4LB60,0,214900840,9,0,874598011,23669,8,0,4295032833,30,196,1137,30,214900840,0,0,0,23490,80210652416,600425981462
2022-08-07,ZHZ4LB60,0,61858424,9,0,878346642,23684,8,0,4295032833,30,197,1138,30,61858424,0,0,0,23505,80266227488,601193926806
2022-08-08,ZHZ4LB60,0,68203736,9,0,886479606,23716,8,0,4295032833,31,197,1139,31,68203736,0,0,0,23536,80378164576,602553179702
2022-08-09,ZHZ4LB60,0,234739952,9,0,890879170,23731,8,0,4295032833,30,197,1140,30,234739952,0,0,0,23552,80428338280,603157823758
2022-08-10,ZHZ4LB60,0,65021416,9,0,898371667,23763,8,0,4295032833,30,197,1141,30,65021416,0,0,0,23583,80534523712,603858482486
2022-08-11,ZHZ4LB60,0,203968424,9,0,901805496,23778,8,0,4295032833,29,197,1141,29,203968424,0,0,0,23599,80597477048,603934476158
2022-08-12,ZHZ4LB60,0,12526000,9,0,908031959,23810,8,0,4295032833,30,198,1143,30,12526000,0,0,0,23630,80733842224,604094950006
2022-08-13,ZHZ4LB60,0,78784600,9,0,911717201,23825,8,0,4295032833,29,198,1143,29,78784600,0,0,0,23645,80799853280,604583479638
2022-08-14,ZHZ4LB60,0,38671608,9,0,918278341,23857,8,0,4295032833,30,198,1145,30,38671608,0,0,0,23676,80935322856,606361032038
2022-08-15,ZHZ4LB60,0,38765208,9,0,922237727,23872,8,0,4295032833,31,198,1145,31,38765208,0,0,0,23692,81001002768,607272008750
2022-08-16,ZHZ4LB60,0,14710656,9,0,929916749,23904,8,0,4295032833,30,198,1147,30,14710656,0,0,0,23723,81126595496,608831347470
2022-08-17,ZHZ4LB60,0,221704112,9,0,933709249,23919,8,0,4295032833,29,198,1147,29,221704112,0,0,0,23739,81195806976,609457410958
2022-08-18,ZHZ4LB60,0,141051664,9,0,940397770,23950,8,0,4295032833,29,198,1149,29,141051664,0,0,0,23769,81302800336,611222891566
2022-08-19,ZHZ4LB60,0,71074352,9,0,943691481,23966,8,0,4295032833,29,198,1149,29,71074352,0,0,0,23785,81371109056,612061169606
2022-08-20,ZHZ4LB60,0,121879840,9,0,950640682,23997,8,0,4295032833,30,198,1151,30,121879840,0,0,0,23817,81492693496,613699376198
2022-08-21,ZHZ4LB60,0,212758336,9,0,954400557,24013,8,0,4295032833,30,198,1151,30,212758336,0,0,0,23832,81559414792,614455955438
2022-08-22,ZHZ4LB60,0,150943616,9,0,962500431,24045,8,0,4295032833,30,198,1153,30,150943616,0,0,0,23863,81666512064,615751887830
2022-08-23,ZHZ4LB60,0,53635568,9,0,966891664,24060,8,0,4295032833,31,198,1153,31,53635568,0,0,0,23879,81728810152,616324704150
2022-08-24,ZHZ4LB60,0,199110984,9,0,974680730,24092,8,0,4295032833,29,199,1155,29,199110984,0,0,0,23910,81849463096,617326089374
2022-08-25,ZHZ4LB60,0,1308088,9,0,982241583,24123,8,0,4295032833,29,199,1156,29,1308088,0,0,0,23942,81968814824,618717919862
2022-08-26,ZHZ4LB60,0,198212904,9,0,985791911,24139,8,0,4295032833,29,199,1157,29,198212904,0,0,0,23957,82036392568,619335528958
2022-08-27,ZHZ4LB60,0,11909680,9,0,993664521,24170,8,0,4295032833,30,199,1158,30,11909680,0,0,0,23988,82156592664,620738010430
2022-08-28,ZHZ4LB60,0,17645552,9,0,997382428,24186,8,0,4295032833,30,199,1159,30,17645552,0,0,0,24004,82208563552,621424198702
2022-08-29,ZHZ4LB60,0,214322048,9,0,6004758,24217,8,0,4295032833,31,200,1160,31,214322048,0,0,0,24035,82325408160,622724734214
2022-08-30,ZHZ4LB60,0,29000352,9,0,10620833,24233,8,0,4295032833,31,200,1160,31,29000352,0,0,0,24051,82392020336,623205222678
2022-08-31,ZHZ4LB60,0,190460344,9,0,18602141,24264,8,0,4295032833,30,200,1162,30,190460344,0,0,0,24082,82512978344,624222287470
2022-09-01,ZHZ4LB60,0,190757488,9,0,22594064,24280,8,0,4295032833,30,200,1162,30,190757488,0,0,0,24097,82577807520,624890177886
2022-09-02,ZHZ4LB60,0,138856616,9,0,29089698,24311,8,0,4295032833,29,200,1164,29,138856616,0,0,0,24129,82692077416,626432994358
2022-09-03,ZHZ4LB60,0,124681760,9,0,33031112,24327,8,0,4295032833,29,200,1164,29,124681760,0,0,0,24144,82753598816,627089720342
2022-09-04,ZHZ4LB60,0,181040368,9,0,41040769,24358,8,0,4295032833,30,200,1166,30,181040368,0,0,0,24175,82880339728,628484182894
2022-09-05,ZHZ4LB60,0,111664944,9,0,45177924,24374,8,0,4295032833,30,200,1166,30,111664944,0,0,0,24191,82955213304,629072356126
2022-09-06,ZHZ4LB60,0,26274776,9,0,54239361,24405,8,0,4295032833,30,200,1168,30,26274776,0,0,0,24222,83066639264,630340384454
2022-09-07,ZHZ4LB60,0,154300920,9,0,58674928,24421,8,0,4295032833,29,200,1168,29,154300920,0,0,0,24238,83129229448,630894101758
2022-09-08,ZHZ4LB60,0,49565768,9,0,65318747,24452,8,0,4295032833,30,200,1170,30,49565768,0,0,0,24269,83246228904,631160648990
2022-09-09,ZHZ4LB60,0,238020632,9,0,69548413,24468,8,0,4295032833,30,200,1170,30,238020632,0,0,0,24284,83316889376,631766724654
2022-09-10,ZHZ4LB60,0,19508248,9,0,77093431,24499,8,0,4295032833,29,200,1172,29,19508248,0,0,0,24316,83441063128,633377164518
2022-09-11,ZHZ4LB60,0,22989720,9,0,80697840,24515,8,0,4295032833,30,200,1172,30,22989720,0,0,0,24331,83511037408,634287235046
2022-09-12,ZHZ4LB60,0,164568592,9,0,87901421,24546,8,0,4295032833,30,200,1174,30,164568592,0,0,0,24362,83635174296,636257807766
2022-09-13,ZHZ4LB60,0,130403472,9,0,96266001,24578,8,0,4295032833,30,200,1175,30,130403472,0,0,0,24394,83750741560,637817060766
2022-09-14,ZHZ4LB60,0,92931120,9,0,100187719,24593,8,0,4295032833,29,200,1176,29,92931120,0,0,0,24409,83771342736,638491409558
2022-09-15,ZHZ4LB60,0,101430552,9,0,107413617,24625,8,0,4295032833,30,201,1177,30,101430552,0,0,0,24441,83874015016,638885518278
2022-09-16,ZHZ4LB60,0,33128552,9,0,111062196,24640,8,0,4295032833,30,201,1177,30,33128552,0,0,0,24456,83937776240,639730018534
2022-09-17,ZHZ4LB60,0,102822328,9,0,118105895,24672,8,0,4295032833,30,201,1179,30,102822328,0,0,0,24488,84058953672,641387520390
2022-09-18,ZHZ4LB60,0,184889688,9,0,121804581,24688,8,0,4295032833,30,201,1179,30,184889688,0,0,0,24503,84122975232,642137988662
2022-09-19,ZHZ4LB60,0,69002136,9,0,129805774,24719,8,0,4295032833,31,202,1181,31,69002136,0,0,0,24535,84245789160,643364133062
2022-09-20,ZHZ4LB60,0,180592216,9,0,134203152,24735,8,0,4295032833,30,202,1181,30,180592216,0,0,0,24550,84311064688,643898728998
2022-09-21,ZHZ4LB60,0,127393592,9,0,142291672,24766,8,0,4295032833,30,202,1183,30,127393592,0,0,0,24581,84433047008,644944251606
2022-09-22,ZHZ4LB60,0,26166920,9,0,146338016,24782,8,0,4295032833,29,202,1183,29,26166920,0,0,0,24597,84507997168,645500496990
2022-09-23,ZHZ4LB60,0,158944040,9,0,153423803,24813,8,0,4295032833,30,203,1185,30,158944040,0,0,0,24628,84639228992,646722747190
2022-09-24,ZHZ4LB60,0,81638544,9,0,156997683,24829,8,0,4295032833,30,203,1185,30,81638544,0,0,0,24644,84695448208,647321644846
2022-09-25,ZHZ4LB60,0,212465464,9,0,166283737,24860,8,0,4295032833,29,204,1187,29,212465464,0,0,0,24675,84772854544,647863346846
2022-09-26,ZHZ4LB60,0,221878152,9,0,169660091,24876,8,0,4295032833,29,204,1187,29,221878152,0,0,0,24691,84812624704,648077130134
2022-09-27,ZHZ4LB60,0,201940328,9,0,177644014,24907,8,0,4295032833,29,204,1189,29,201940328,0,0,0,24722,84869999392,648488099142
2022-09-28,ZHZ4LB60,0,93407672,9,0,184176752,24938,8,0,4295032833,29,205,1190,29,93407672,0,0,0,24753,84937716736,648800130406
2022-09-29,ZHZ4LB60,0,13082952,9,0,187170131,24954,8,0,4295032833,29,205,1190,29,13082952,0,0,0,24769,84956471144,648945192038
2022-09-30,ZHZ4LB60,0,137700056,9,0,191609893,24985,8,0,4295032833,29,205,1192,29,137700056,0,0,0,24800,85012623136,649257797846
2022-10-01,ZHZ4LB60,0,128919456,9,0,194000888,25001,8,0,4295032833,28,205,1192,28,128919456,0,0,0,24815,85045254952,649460526222
2022-10-02,ZHZ4LB60,0,177151368,9,0,198123862,25032,8,0,4295032833,29,206,1194,29,177151368,0,0,0,24847,85123345136,649674808766
2022-10-03,ZHZ4LB60,0,136652416,9,0,202159659,25048,8,0,4295032833,29,206,1194,29,136652416,0,0,0,24862,85164058304,649837737390
2022-10-04,ZHZ4LB60,0,120388680,9,0,208801836,25080,8,0,4295032833,29,206,1196,29,120388680,0,0,0,24894,85248194840,650225618710
2022-10-05,ZHZ4LB60,0,78126480,9,0,211488297,25095,8,0,4295032833,29,206,1196,29,78126480,0,0,0,24909,85293700600,650381991398
2022-10-06,ZHZ4LB60,0,109911968,9,0,216506765,25127,8,0,4295032833,29,206,1198,29,109911968,0,0,0,24940,85349346864,650602271366
2022-10-07,ZHZ4LB60,0,19673152,9,0,218795127,25142,8,0,4295032833,28,206,1198,28,19673152,0,0,0,24956,85377805672,650727714478
2022-10-08,ZHZ4LB60,0,106793088,9,0,222355137,25174,8,0,4295032833,28,206,1200,28,106793088,0,0,0,24987,85428915584,651007865246
2022-10-09,ZHZ4LB60,0,75226800,9,0,224725826,25189,8,0,4295032833,29,206,1200,29,75226800,0,0,0,25003,85470588608,651178766750
2022-10-10,ZHZ4LB60,0,14785984,9,0,231441892,25221,8,0,4295032833,29,207,1202,29,14785984,0,0,0,25034,85521848640,651555347190
2022-10-11,ZHZ4LB60,0,39180088,9,0,234933223,25236,8,0,4295032833,29,207,1202,29,39180088,0,0,0,25049,85553989656,651791740982
2022-10-12,ZHZ4LB60,0,215200568,9,0,239618152,25268,8,0,4295032833,28,207,1203,28,215200568,0,0,0,25081,85610943280,652154948630
2022-10-13,ZHZ4LB60,0,143467584,9,0,241958199,25283,8,0,4295032833,29,207,1204,29,143467584,0,0,0,25096,85644677584,652293621974
2022-10-14,ZHZ4LB60,0,241475568,9,0,246159767,25315,8,0,4295032833,29,207,1205,29,241475568,0,0,0,25128,85696602520,652583845774
2022-10-15,ZHZ4LB60,0,51788016,9,0,248729213,25331,8,0,4295032833,28,207,1206,28,51788016,0,0,0,25143,85733045600,652845996590
2022-10-16,ZHZ4LB60,0,107205554,10,0,252551251,25362,9,0,4295032833,29,207,1208,29,107205554,0,0,0,25175,85781820328,653096780210
2022-10-17,ZHZ4LB60,0,110151480,10,0,256162438,25393,9,0,4295032833,29,207,1209,29,110151480,0,0,0,25206,85832333904,653293353788
2022-10-18,ZHZ4LB60,0,90760696,10,0,259615451,25409,9,0,4295032833,30,207,1210,30,90760696,0,0,0,25221,85859035312,653491402284
2022-10-19,ZHZ4LB60,0,47264400,10,0,262503346,25425,9,0,4295032833,30,207,1210,30,47264400,0,0,0,25237,85880227400,653670854548
2022-10-20,ZHZ4LB60,0,143410912,10,0,267115049,25456,9,0,4295032833,29,207,1212,29,143410912,0,0,0,25268,85943408736,653947960476
2022-10-21,ZHZ4LB60,0,211832952,10,0,271174949,25488,9,0,4295032833,30,208,1214,30,211832952,0,0,0,25299,86007998536,654195933508
2022-10-22,ZHZ4LB60,0,130477976,10,0,273372978,25503,9,0,4295032833,29,208,1214,29,130477976,0,0,0,25315,86043453472,654323264260
2022-10-23,ZHZ4LB60,0,237711024,10,0,277453305,25535,9,0,4295032833,29,209,1216,29,237711024,0,0,0,25346,86110749504,654607342060
2022-10-24,ZHZ4LB60,0,206741912,10,0,280749375,25551,9,0,4295032833,30,209,1216,30,206741912,0,0,0,25362,86148951136,654782312180
2022-10-25,ZHZ4LB60,0,92156032,10,0,286784388,25582,9,0,4295032833,29,210,1218,29,92156032,0,0,0,25393,86216344224,655088614668
2022-10-26,ZHZ4LB60,0,179117712,10,0,292958697,25613,9,0,4295032833,30,210,1219,30,179117712,0,0,0,25424,86310859520,655325201684
2022-10-27,ZHZ4LB60,0,60106560,10,0,296062321,25629,9,0,4295032833,29,210,1220,29,60106560,0,0,0,25440,86335238168,655425952572
2022-10-28,ZHZ4LB60,0,1440112,10,0,298335774,25644,9,0,4295032833,29,210,1220,29,1440112,0,0,0,25456,86378793160,655567871908
2022-10-29,ZHZ4LB60,0,113916112,10,0,302264165,25676,9,0,4295032833,29,211,1222,29,113916112,0,0,0,25487,86446014664,655857267172
2022-10-30,ZHZ4LB60,0,234246128,10,0,306459185,25707,9,0,4295032833,30,211,1223,30,234246128,0,0,0,25518,86523982104,656143770764
2022-10-31,ZHZ4LB60,0,225889112,10,0,310787893,25723,9,0,4295032833,29,212,1224,29,225889112,0,0,0,25534,86552594840,656350941668
2022-11-01,ZHZ4LB60,0,146648656,10,0,315973973,25754,9,0,4295032833,29,212,1225,29,146648656,0,0,0,25565,86623283088,656689294228
2022-11-02,ZHZ4LB60,0,70615496,10,0,318195825,25770,9,0,4295032833,29,212,1225,29,70615496,0,0,0,25580,86660284704,656820400180
2022-11-03,ZHZ4LB60,0,170766496,10,0,322019455,25801,9,0,4295032833,29,213,1227,29,170766496,0,0,0,25611,86737857888,657087118708
2022-11-04,ZHZ4LB60,0,109078400,10,0,324087612,25817,9,0,4295032833,29,213,1227,29,109078400,0,0,0,25627,86771447944,657235981436
2022-11-05,ZHZ4LB60,0,219346440,10,0,327922349,25848,9,0,4295032833,29,213,1229,29,219346440,0,0,0,25659,86853821112,657508017012
2022-11-06,ZHZ4LB60,0,177490512,10,0,330122200,25864,9,0,4295032833,29,213,1229,29,177490512,0,0,0,25675,86896619256,657667503628
2022-11-07,ZHZ4LB60,0,120853304,10,0,336745110,25896,9,0,4295032833,29,213,1231,29,120853304,0,0,0,25706,86956958992,658038808020
2022-11-08,ZHZ4LB60,0,73759128,10,0,338935579,25912,9,0,4295032833,29,213,1231,29,73759128,0,0,0,25722,87000346976,658192470244
2022-11-09,ZHZ4LB60,0,194474472,10,0,344354384,25943,9,0,4295032833,30,213,1233,30,194474472,0,0,0,25753,87079142448,658478531556
2022-11-10,ZHZ4LB60,0,188222592,10,0,349522188,25959,9,0,4295032833,29,213,1233,29,188222592,0,0,0,25769,87134665920,658660896916
2022-11-11,ZHZ4LB60,0,74189256,10,0,353441750,25991,9,0,4295032833,29,214,1235,29,74189256,0,0,0,25800,87197891888,658971918956
2022-11-12,ZHZ4LB60,0,66066416,10,0,355789966,26007,9,0,4295032833,29,214,1235,29,66066416,0,0,0,25816,87236284552,659169544156
2022-11-13,ZHZ4LB60,0,210742632,10,0,359834103,26038,9,0,4295032833,29,214,1237,29,210742632,0,0,0,25848,87306848744,659487797236
2022-11-14,ZHZ4LB60,0,227842224,10,0,363634431,26054,9,0,4295032833,30,214,1237,30,227842224,0,0,0,25863,87350490648,659705395556
2022-11-15,ZHZ4LB60,0,74631152,11,0,368778408,26086,10,0,4295032833,29,215,1246,29,74631152,0,0,0,25894,87414790648,659976165814
2022-11-16,ZHZ4LB60,0,17763920,11,0,371200890,26102,10,0,4295032833,29,215,1247,29,17763920,0,0,0,25910,87457098656,660121131206
2022-11-17,ZHZ4LB60,0,71290904,11,0,379212905,26134,10,0,4295032833,30,215,1248,30,71290904,0,0,0,25942,87538429576,660337467902
2022-11-18,ZHZ4LB60,0,232922200,11,0,383194410,26150,10,0,4295032833,31,215,1249,31,232922200,0,0,0,25957,87590347840,660447180934
2022-11-19,ZHZ4LB60,0,19514752,11,0,390840701,26182,10,0,4295032833,29,215,1250,29,19514752,0,0,0,25989,87679314304,660633088310
2022-11-20,ZHZ4LB60,0,204078800,11,0,393158936,26197,10,0,4295032833,29,215,1251,29,204078800,0,0,0,26005,87728053872,660768912790
2022-11-21,ZHZ4LB60,0,100462024,11,0,399877186,26229,10,0,4295032833,30,215,1252,30,100462024,0,0,0,26037,87794011168,661087620078
2022-11-22,ZHZ4LB60,0,97720544,11,0,403402029,26245,10,0,4295032833,29,215,1253,29,97720544,0,0,0,26052,87838040824,661284989574
2022-11-23,ZHZ4LB60,0,9027776,11,0,408769221,26277,10,0,4295032833,29,215,1254,29,9027776,0,0,0,26084,87933358088,661589260942
2022-11-24,ZHZ4LB60,0,134201048,11,0,412548513,26293,10,0,4295032833,30,216,1255,30,134201048,0,0,0,26100,87978795672,661668996630
2022-11-25,ZHZ4LB60,0,41396072,11,0,417158759,26325,10,0,4295032833,29,216,1256,29,41396072,0,0,0,26131,88062638824,661980630342
2022-11-26,ZHZ4LB60,0,236994360,11,0,419447770,26341,10,0,4295032833,29,216,1257,29,236994360,0,0,0,26147,88103484128,662135383326
2022-11-27,ZHZ4LB60,0,132506912,11,0,423354808,26373,10,0,4295032833,29,216,1258,29,132506912,0,0,0,26179,88165790640,662456870918
2022-11-28,ZHZ4LB60,0,145112512,11,0,426962668,26389,10,0,4295032833,30,216,1259,30,145112512,0,0,0,26195,88208650656,662670757134
2022-11-29,ZHZ4LB60,0,86075488,11,0,433592867,26421,10,0,4295032833,29,216,1260,29,86075488,0,0,0,26227,88261647320,663047004838
2022-11-30,ZHZ4LB60,0,27791104,11,0,435946711,26436,10,0,4295032833,29,216,1261,29,27791104,0,0,0,26242,88299189056,663195319406
2022-12-01,ZHZ4LB60,0,102822032,11,0,440054439,26468,10,0,4295032833,28,216,1262,28,102822032,0,0,0,26274,88356687192,663456993062
2022-12-02,ZHZ4LB60,0,42706184,11,0,442308268,26484,10,0,4295032833,29,216,1263,29,42706184,0,0,0,26290,88396717888,663600987342
2022-12-03,ZHZ4LB60,0,177172856,11,0,446648927,26516,10,0,4295032833,29,216,1264,29,177172856,0,0,0,26321,88492881360,663883431198
2022-12-04,ZHZ4LB60,0,139776904,11,0,449198292,26532,10,0,4295032833,29,216,1265,29,139776904,0,0,0,26337,88551463456,664031593782
2022-12-05,ZHZ4LB60,0,143137456,11,0,455813476,26564,10,0,4295032833,30,216,1266,30,143137456,0,0,0,26369,88655801208,664418898478
2022-12-06,ZHZ4LB60,0,151650608,11,0,459921203,26580,10,0,4295032833,29,217,1267,29,151650608,0,0,0,26385,88697860000,664629493630
2022-12-07,ZHZ4LB60,0,131816424,11,0,465047958,26611,10,0,4295032833,29,217,1268,29,131816424,0,0,0,26416,88785542136,665010258718
2022-12-08,ZHZ4LB60,0,81639512,11,0,467365362,26627,10,0,4295032833,29,217,1269,29,81639512,0,0,0,26432,88830018936,665159745758
2022-12-09,ZHZ4LB60,0,21864920,11,0,471522493,26659,10,0,4295032833,29,217,1270,29,21864920,0,0,0,26464,88909980056,665508291310
2022-12-11,ZHZ4LB60,0,211959408,11,0,477914986,26707,10,0,4295032833,29,217,1272,29,211959408,0,0,0,26512,89019140352,666077506934
2022-12-11,ZHZ4LB60,0,211959408,11,0,477914986,26707,10,0,4295032833,29,217,1272,29,211959408,0,0,0,26512,89019140352,666077506934
2022-12-12,ZHZ4LB60,0,217542304,11,0,480596950,26723,10,0,4295032833,30,217,1273,30,217542304,0,0,0,26527,89067470408,666278900422
2022-12-13,ZHZ4LB60,0,167652328,11,0,488388926,26755,10,0,4295032833,30,217,1274,30,167652328,0,0,0,26560,89142872424,666641890078
2022-12-14,ZHZ4LB60,0,153364048,11,0,491114631,26771,10,0,4295032833,29,217,1275,29,153364048,0,0,0,26576,89185815440,666828799526
2022-12-15,ZHZ4LB60,0,227947032,11,0,495419406,26803,10,0,4295032833,29,217,1276,29,227947032,0,0,0,26607,89261037464,667072301142
2022-12-16,ZHZ4LB60,0,176279760,11,0,498212821,26819,10,0,4295032833,30,217,1277,30,176279760,0,0,0,26623,89320549728,667205262310
2022-12-17,ZHZ4LB60,0,139632968,11,0,502181575,26851,10,0,4295032833,29,217,1278,29,139632968,0,0,0,26655,89392996608,667584450038
2022-12-18,ZHZ4LB60,0,178175568,11,0,504507089,26867,10,0,4295032833,30,217,1279,30,178175568,0,0,0,26671,89438493680,667821636246
2022-12-19,ZHZ4LB60,0,51307056,11,0,510628383,26899,10,0,4295032833,30,218,1280,30,51307056,0,0,0,26703,89542632920,668323050846
2022-12-20,ZHZ4LB60,0,156115824,11,0,514712530,26915,10,0,4295032833,30,218,1281,30,156115824,0,0,0,26719,89596656616,668617976718
2022-12-21,ZHZ4LB60,0,222093880,11,0,519995768,26947,10,0,4295032833,29,218,1282,29,222093880,0,0,0,26751,89697895016,669071005502
2022-12-22,ZHZ4LB60,0,136350360,11,0,522245537,26963,10,0,4295032833,29,218,1283,29,136350360,0,0,0,26766,89735784224,669191513406
2022-12-23,ZHZ4LB60,0,235704224,11,0,526666153,26995,10,0,4295032833,29,218,1284,29,235704224,0,0,0,26798,89815461816,669455330326
2022-12-24,ZHZ4LB60,0,213503960,11,0,529088970,27011,10,0,4295032833,29,218,1285,29,213503960,0,0,0,26814,89866953432,669625779286
2022-12-25,ZHZ4LB60,0,65506112,11,0,533704106,27043,10,0,4295032833,30,218,1286,30,65506112,0,0,0,26846,89949997584,670127160182
2022-12-26,ZHZ4LB60,0,159517712,11,0,537126896,27059,10,0,4295032833,30,219,1287,30,159517712,0,0,0,26862,89994761344,670420548670
2022-12-27,ZHZ4LB60,0,64937760,11,0,544689802,27091,10,0,4295032833,29,219,1288,29,64937760,0,0,0,26894,90072210776,670980941350
2022-12-28,ZHZ4LB60,0,127862576,11,0,547120919,27107,10,0,4295032833,30,219,1289,30,127862576,0,0,0,26910,90113139624,671247078046
2022-12-29,ZHZ4LB60,0,148339448,11,0,554254269,27139,10,0,4295032833,30,220,1290,30,148339448,0,0,0,26942,90182719744,671442115470
2022-12-30,ZHZ4LB60,0,185703312,11,0,557185014,27155,10,0,4295032833,29,220,1291,29,185703312,0,0,0,26958,90228871024,671677468694
2022-12-31,ZHZ4LB60,0,186144072,11,0,561378492,27186,10,0,4295032833,29,220,1292,29,186144072,0,0,0,26990,90296094568,672098973774
