2022-01-01,ZHZ42QQY,0,172341976,6,0,773231819,19127,6,0,0,23,225,899,23,172341976,0,0,0,19004,81293863088,219660323364
2022-01-02,ZHZ42QQY,0,145769080,6,0,780291448,19159,6,0,0,24,225,900,24,145769080,0,0,0,19036,81367097952,220048797444
2022-01-03,ZHZ42QQY,0,31495712,6,0,784054726,19174,6,0,0,23,225,901,23,31495712,0,0,0,19051,81413537176,220132225492
2022-01-04,ZHZ42QQY,0,75292232,6,0,792301538,19206,6,0,0,24,225,902,24,75292232,0,0,0,19083,81495232816,220582607660
2022-01-05,ZHZ42QQY,0,14830032,6,0,795683362,19222,6,0,0,23,225,903,23,14830032,0,0,0,19099,81526265752,220735253180
2022-01-06,ZHZ42QQY,0,24526200,6,0,802109839,19254,6,0,0,24,225,904,24,24526200,0,0,0,19130,81593484248,221166012236
2022-01-07,ZHZ42QQY,0,33530480,6,0,805367239,19269,6,0,0,24,225,905,24,33530480,0,0,0,19146,81616227944,221396413692
2022-01-08,ZHZ42QQY,0,9014288,6,0,813098188,19301,6,0,0,24,225,906,24,9014288,0,0,0,19177,81678570432,221797836292
2022-01-09,ZHZ42QQY,0,34389904,6,0,816069821,19317,6,0,0,24,225,907,24,34389904,0,0,0,19193,81714041968,222031881004
2022-01-10,ZHZ42QQY,0,91247280,6,0,823950909,19348,6,0,0,24,226,908,24,91247280,0,0,0,19224,81780730960,222266190060
2022-01-11,ZHZ42QQY,0,104663912,6,0,826513119,19364,6,0,0,23,227,909,23,104663912,0,0,0,19240,81820976504,222483502012
2022-01-12,ZHZ42QQY,0,92087024,6,0,832719852,19396,6,0,0,23,227,910,23,92087024,0,0,0,19271,81888503928,222891679044
2022-01-13,ZHZ42QQY,0,24437272,6,0,834290696,19411,6,0,0,23,227,911,23,24437272,0,0,0,19287,81916817632,223039856228
2022-01-14,ZHZ42QQY,0,225805496,6,0,840311620,19443,6,0,0,23,227,912,23,225805496,0,0,0,19318,81968306480,223433876300
2022-01-15,ZHZ42QQY,0,206171320,6,0,842687508,19458,6,0,0,24,228,913,24,206171320,0,0,0,19334,81999477328,223627212004
2022-01-16,ZHZ42QQY,0,189086448,6,0,848807732,19490,6,0,0,24,229,914,24,189086448,0,0,0,19365,82060013016,224037872988
2022-01-17,ZHZ42QQY,0,97120416,6,0,853314809,19505,6,0,0,24,230,915,24,97120416,0,0,0,19380,82089861472,224160199132
2022-01-18,ZHZ42QQY,0,3107304,6,0,859255979,19537,6,0,0,24,230,916,24,3107304,0,0,0,19412,82135198056,224509131612
2022-01-19,ZHZ42QQY,0,6869752,6,0,862866998,19552,6,0,0,26,230,917,26,6869752,0,0,0,19427,82167282408,224724950348
2022-01-20,ZHZ42QQY,0,183502688,6,0,867842605,19584,6,0,0,26,230,918,26,183502688,0,0,0,19458,82213601328,225099405164
2022-01-21,ZHZ42QQY,0,137331624,6,0,876166270,19615,6,0,0,26,230,919,26,137331624,0,0,0,19490,82256951816,225498165396
2022-01-22,ZHZ42QQY,0,141933536,6,0,879039335,19631,6,0,0,25,230,920,25,141933536,0,0,0,19505,82278870848,225724989124
2022-01-23,ZHZ42QQY,0,31529264,6,0,885096278,19662,6,0,0,26,230,921,26,31529264,0,0,0,19536,82324600512,226057136580
2022-01-24,ZHZ42QQY,0,182517512,6,0,890180591,19678,6,0,0,25,231,922,25,182517512,0,0,0,19552,82347389432,226185335908
2022-01-25,ZHZ42QQY,0,93447208,6,0,895239841,19709,6,0,0,26,232,923,26,93447208,0,0,0,19583,82388799128,226543138340
2022-01-26,ZHZ42QQY,0,67800544,6,0,899100635,19725,6,0,0,25,232,924,25,67800544,0,0,0,19599,82407380064,226743051460
2022-01-27,ZHZ42QQY,0,167609704,6,0,902222635,19756,6,0,0,25,233,925,25,167609704,0,0,0,19630,82443268744,227051112588
2022-01-28,ZHZ42QQY,0,157413168,6,0,905739085,19772,6,0,0,25,233,926,25,157413168,0,0,0,19645,82460875200,227267450228
2022-01-29,ZHZ42QQY,0,155000880,6,0,913752522,19803,6,0,0,25,233,927,25,155000880,0,0,0,19677,82517417976,227696776652
2022-01-30,ZHZ42QQY,0,173268048,6,0,916254897,19819,6,0,0,26,234,928,26,173268048,0,0,0,19692,82549348352,227927254084
2022-01-31,ZHZ42QQY,0,234721800,6,0,924375219,19850,6,0,0,25,235,929,25,234721800,0,0,0,19723,82609695224,228172501836
2022-02-01,ZHZ42QQY,0,16406136,6,0,927760661,19866,6,0,0,24,235,930,24,16406136,0,0,0,19739,82644277704,228407885628
2022-02-02,ZHZ42QQY,0,239929472,6,0,933504936,19897,6,0,0,23,235,931,23,239929472,0,0,0,19770,82720856616,228798970796
2022-02-03,ZHZ42QQY,0,35815456,6,0,937507857,19913,6,0,0,24,235,932,24,35815456,0,0,0,19786,82764237248,229039757676
2022-02-04,ZHZ42QQY,0,84671376,6,0,944162996,19944,6,0,0,24,235,933,24,84671376,0,0,0,19817,82860777008,229480355436
2022-02-05,ZHZ42QQY,0,139187424,6,0,949801336,19960,6,0,0,24,235,934,24,139187424,0,0,0,19833,82913113744,229726675380
2022-02-06,ZHZ42QQY,0,155340208,6,0,955286708,19991,6,0,0,23,235,935,23,155340208,0,0,0,19864,83009021920,230135201604
2022-02-07,ZHZ42QQY,0,111755216,6,0,960284021,20007,6,0,0,24,235,936,24,111755216,0,0,0,19879,83070679864,230274099500
2022-02-08,ZHZ42QQY,0,26566984,6,0,966961142,20039,6,0,0,23,235,937,23,26566984,0,0,0,19911,83163417888,230584454540
2022-02-09,ZHZ42QQY,0,31679424,6,0,973418998,20070,6,0,0,24,235,938,24,31679424,0,0,0,19942,83256843168,230984423508
2022-02-10,ZHZ42QQY,0,60191808,6,0,978550101,20086,6,0,0,24,235,939,24,60191808,0,0,0,19958,83301229176,231212690772
2022-02-11,ZHZ42QQY,0,56174520,6,0,986284722,20117,6,0,0,24,235,940,24,56174520,0,0,0,19989,83378206808,231619977212
2022-02-12,ZHZ42QQY,0,122995424,6,0,990241897,20133,6,0,0,24,235,941,24,122995424,0,0,0,20004,83423949624,231885196404
2022-02-13,ZHZ42QQY,0,190782528,6,0,996516148,20164,6,0,0,24,235,942,24,190782528,0,0,0,20036,83503796936,232361418068
2022-02-14,ZHZ42QQY,0,123731680,6,0,181017,20180,6,0,0,24,236,943,24,123731680,0,0,0,20051,83552832912,232489471876
2022-02-15,ZHZ42QQY,0,51858184,6,0,8328599,20211,6,0,0,24,236,944,24,51858184,0,0,0,20083,83705842592,232752870172
2022-02-16,ZHZ42QQY,0,111570832,6,0,10727290,20227,6,0,0,24,237,945,24,111570832,0,0,0,20098,83760303576,233002265884
2022-02-17,ZHZ42QQY,0,218418832,6,0,16774917,20258,6,0,0,23,237,946,23,218418832,0,0,0,20129,83861531864,233496167092
2022-02-18,ZHZ42QQY,0,242118480,6,0,24596058,20289,6,0,0,23,237,947,23,242118480,0,0,0,20161,83903078696,233966601276
2022-02-19,ZHZ42QQY,0,8888544,6,0,26585582,20305,6,0,0,24,237,948,24,8888544,0,0,0,20177,83919554848,234205176644
2022-02-20,ZHZ42QQY,0,193965160,6,0,36103488,20337,6,0,0,23,237,949,23,193965160,0,0,0,20208,83956653896,234597294940
2022-02-21,ZHZ42QQY,0,139476528,6,0,40737082,20353,6,0,0,23,237,950,23,139476528,0,0,0,20224,83973582344,234770018636
2022-02-22,ZHZ42QQY,0,38898656,6,0,43940343,20384,6,0,0,24,237,951,24,38898656,0,0,0,20255,84008579320,235122725612
2022-02-23,ZHZ42QQY,0,12855752,6,0,46509922,20400,6,0,0,24,237,952,24,12855752,0,0,0,20271,84025665272,235323737412
2022-02-24,ZHZ42QQY,0,240746880,6,0,50640036,20431,6,0,0,24,238,953,24,240746880,0,0,0,20302,84051454480,235769980196
2022-02-25,ZHZ42QQY,0,13321472,6,0,52597201,20447,6,0,0,24,238,954,24,13321472,0,0,0,20318,84066309712,236015981428
2022-02-26,ZHZ42QQY,0,10236808,6,0,58656749,20478,6,0,0,24,238,955,24,10236808,0,0,0,20349,84098741328,236468746468
2022-02-27,ZHZ42QQY,0,51664696,6,0,61582073,20494,6,0,0,24,238,956,24,51664696,0,0,0,20365,84116354072,236736702500
2022-02-28,ZHZ42QQY,0,197437984,6,0,68948566,20526,6,0,0,24,238,957,24,197437984,0,0,0,20396,84146322008,237096649636
2022-03-01,ZHZ42QQY,0,228788032,6,0,73039974,20541,6,0,0,23,238,958,23,228788032,0,0,0,20412,84170914608,237347547788
2022-03-02,ZHZ42QQY,0,50217536,6,0,78562513,20573,6,0,0,24,238,959,24,50217536,0,0,0,20443,84215616048,237856698524
2022-03-03,ZHZ42QQY,0,56674968,6,0,80616254,20588,6,0,0,23,239,960,23,56674968,0,0,0,20459,84237309720,238085602956
2022-03-04,ZHZ42QQY,0,83494728,6,0,88992220,20620,6,0,0,24,239,961,24,83494728,0,0,0,20490,84279158992,238558854732
2022-03-05,ZHZ42QQY,0,100841784,6,0,91262265,20635,6,0,0,23,239,962,23,100841784,0,0,0,20505,84297173208,238802328204
2022-03-06,ZHZ42QQY,0,127043720,6,0,97517860,20667,6,0,0,24,239,963,24,127043720,0,0,0,20537,84336764000,239277224180
2022-03-07,ZHZ42QQY,0,50754072,6,0,103243363,20683,6,0,0,24,240,964,24,50754072,0,0,0,20553,84364653928,239417185428
2022-03-08,ZHZ42QQY,0,134791336,6,0,108573956,20714,6,0,0,24,241,965,24,134791336,0,0,0,20584,84439228384,239914929988
2022-03-09,ZHZ42QQY,0,200463264,6,0,113057117,20730,6,0,0,24,241,966,24,200463264,0,0,0,20600,84472353840,240191617204
2022-03-10,ZHZ42QQY,0,9697288,6,0,117961883,20761,6,0,0,24,241,967,24,9697288,0,0,0,20631,84529135904,240676495732
2022-03-11,ZHZ42QQY,0,84086496,6,0,122350395,20777,6,0,0,24,241,968,24,84086496,0,0,0,20647,84566239672,240957921804
2022-03-12,ZHZ42QQY,0,81847044,7,0,129654540,20809,6,0,4295032833,24,241,971,24,81847044,0,0,0,20678,84631669352,241378534376
2022-03-13,ZHZ42QQY,0,66423296,7,0,133681738,20824,6,0,4295032833,24,241,971,24,66423296,0,0,0,20693,84668603152,241570317456
2022-03-14,ZHZ42QQY,0,151541344,7,0,141517652,20856,6,0,4295032833,24,243,973,24,151541344,0,0,0,20725,84755009480,241813169808
2022-03-15,ZHZ42QQY,0,90163672,7,0,145931358,20872,6,0,4295032833,24,243,973,24,90163672,0,0,0,20741,84792018952,241958923296
2022-03-16,ZHZ42QQY,0,31750496,7,0,151380465,20903,6,0,4295032833,24,243,975,24,31750496,0,0,0,20772,84872619200,242308191432
2022-03-17,ZHZ42QQY,0,119223256,7,0,154333018,20919,6,0,4295032833,24,243,975,24,119223256,0,0,0,20787,84925143984,242587280240
2022-03-18,ZHZ42QQY,0,25296560,7,0,161805527,20950,6,0,4295032833,24,243,977,24,25296560,0,0,0,20818,85004661648,242902117424
2022-03-19,ZHZ42QQY,0,47082320,7,0,166352420,20966,6,0,4295032833,24,243,977,24,47082320,0,0,0,20834,85052557792,243120147696
2022-03-20,ZHZ42QQY,0,87665872,7,0,173482816,20997,6,0,4295032833,24,243,979,24,87665872,0,0,0,20865,85145988432,243555582104
2022-03-21,ZHZ42QQY,0,187357464,7,0,184931826,21029,6,0,4295032833,25,243,980,25,187357464,0,0,0,20896,85221324016,243824078744
2022-03-22,ZHZ42QQY,0,189572360,7,0,187390505,21044,6,0,4295032833,24,244,981,24,189572360,0,0,0,20911,85252509904,244039248552
2022-03-23,ZHZ42QQY,0,165879104,7,0,193995068,21076,6,0,4295032833,24,244,982,24,165879104,0,0,0,20943,85329424800,244426922040
2022-03-24,ZHZ42QQY,0,104942648,7,0,196337234,21091,6,0,4295032833,23,245,983,23,104942648,0,0,0,20958,85363094840,244576456424
2022-03-25,ZHZ42QQY,0,1082584,7,0,203933830,21123,6,0,4295032833,24,245,984,24,1082584,0,0,0,20989,85438008112,244885964488
2022-03-26,ZHZ42QQY,0,166593472,7,0,207137337,21138,6,0,4295032833,23,245,985,23,166593472,0,0,0,21005,85473760192,245015723296
2022-03-27,ZHZ42QQY,0,85641384,7,0,209575697,21154,6,0,4295032833,24,245,985,24,85641384,0,0,0,21021,85513234064,245139439928
2022-03-28,ZHZ42QQY,0,192525152,7,0,217656887,21185,6,0,4295032833,24,245,987,24,192525152,0,0,0,21052,85583160344,245420538216
2022-03-29,ZHZ42QQY,0,71751016,7,0,222687384,21217,6,0,4295032833,24,246,988,24,71751016,0,0,0,21083,85650845536,245720360600
2022-03-30,ZHZ42QQY,0,69774672,7,0,227041056,21233,6,0,4295032833,24,246,989,24,69774672,0,0,0,21098,85687808264,245925562712
2022-03-31,ZHZ42QQY,0,198083328,7,0,231412213,21264,6,0,4295032833,23,246,990,23,198083328,0,0,0,21129,85734365376,246251455112
2022-04-01,ZHZ42QQY,0,158533120,7,0,234417298,21280,6,0,4295032833,24,246,991,24,158533120,0,0,0,21145,85760208520,246430202440
2022-04-02,ZHZ42QQY,0,22420768,7,0,242302756,21311,6,0,4295032833,23,246,992,23,22420768,0,0,0,21177,85803198944,246739381168
2022-04-03,ZHZ42QQY,0,34728312,7,0,245850170,21327,6,0,4295032833,24,246,993,24,34728312,0,0,0,21192,85829259536,246969768928
2022-04-04,ZHZ42QQY,0,97264320,7,0,252932382,21359,6,0,4295032833,24,247,994,24,97264320,0,0,0,21224,85866766824,247238938280
2022-04-05,ZHZ42QQY,0,102193680,7,0,256911116,21374,6,0,4295032833,23,247,995,23,102193680,0,0,0,21240,85893198608,247461576544
2022-04-06,ZHZ42QQY,0,72254504,7,0,261494078,21406,6,0,4295032833,24,247,996,24,72254504,0,0,0,21271,85942775384,247870342048
2022-04-07,ZHZ42QQY,0,197750176,7,0,267075087,21437,6,0,4295032833,24,247,997,24,197750176,0,0,0,21302,85988805800,248193948240
2022-04-08,ZHZ42QQY,0,220950672,7,0,270877710,21452,6,0,4295032833,24,247,998,24,220950672,0,0,0,21317,86012752640,248437342752
2022-04-09,ZHZ42QQY,0,205016328,7,0,278637424,21484,6,0,4295032833,24,247,999,24,205016328,0,0,0,21349,86063803592,248858638728
2022-04-10,ZHZ42QQY,0,184630248,7,0,282354671,21499,6,0,4295032833,24,247,1000,24,184630248,0,0,0,21364,86087174928,249059021944
2022-04-11,ZHZ42QQY,0,23611048,7,0,289510839,21530,6,0,4295032833,24,248,1001,24,23611048,0,0,0,21395,86131072512,249342386544
2022-04-12,ZHZ42QQY,0,232737808,7,0,293402465,21546,6,0,4295032833,24,248,1002,24,232737808,0,0,0,21410,86151338008,249531247808
2022-04-13,ZHZ42QQY,0,43435408,7,0,297728139,21577,6,0,4295032833,24,248,1003,24,43435408,0,0,0,21441,86189900504,249791664784
2022-04-14,ZHZ42QQY,0,237785560,7,0,301075107,21593,6,0,4295032833,23,248,1004,23,237785560,0,0,0,21457,86215649224,249960266216
2022-04-15,ZHZ42QQY,0,154041856,7,0,307453208,21624,6,0,4295032833,24,248,1005,24,154041856,0,0,0,21488,86254760776,250325692448
2022-04-16,ZHZ42QQY,0,65617768,7,0,311687967,21640,6,0,4295032833,23,248,1006,23,65617768,0,0,0,21504,86279725872,250456444024
2022-04-17,ZHZ42QQY,0,21956592,7,0,317444007,21671,6,0,4295032833,24,248,1007,24,21956592,0,0,0,21535,86322067760,250858722528
2022-04-18,ZHZ42QQY,0,153548928,7,0,321815348,21686,6,0,4295032833,24,248,1008,24,153548928,0,0,0,21550,86348743744,250963638880
2022-04-19,ZHZ42QQY,0,96612248,7,0,329250266,21718,6,0,4295032833,24,248,1009,24,96612248,0,0,0,21581,86402108960,251341621096
2022-04-20,ZHZ42QQY,0,99784400,7,0,334374226,21749,6,0,4295032833,24,249,1010,24,99784400,0,0,0,21613,86467252880,251767930896
2022-04-21,ZHZ42QQY,0,46714416,7,0,337976344,21765,6,0,4295032833,23,249,1011,23,46714416,0,0,0,21628,86490198696,251936055728
2022-04-22,ZHZ42QQY,0,215854656,7,0,344445350,21796,6,0,4295032833,24,249,1012,24,215854656,0,0,0,21659,86540268672,252299266624
2022-04-23,ZHZ42QQY,0,236325016,7,0,349727258,21811,6,0,4295032833,24,249,1013,24,236325016,0,0,0,21675,86563648752,252540497536
2022-04-24,ZHZ42QQY,0,56531576,7,0,357797085,21843,6,0,4295032833,24,249,1014,24,56531576,0,0,0,21706,86613454032,253043321168
2022-04-25,ZHZ42QQY,0,185839896,7,0,362107403,21858,6,0,4295032833,24,249,1015,24,185839896,0,0,0,21721,86662079840,253124003680
2022-04-26,ZHZ42QQY,0,162023832,7,0,368446646,21890,6,0,4295032833,25,250,1016,25,162023832,0,0,0,21752,86732651200,253517897656
2022-04-27,ZHZ42QQY,0,139481808,7,0,372099285,21905,6,0,4295032833,24,250,1017,24,139481808,0,0,0,21768,86761893192,253710254776
2022-04-28,ZHZ42QQY,0,65038448,7,0,380052517,21936,6,0,4295032833,24,250,1018,24,65038448,0,0,0,21799,86811123168,254074862920
2022-04-29,ZHZ42QQY,0,20598224,7,0,384174135,21952,6,0,4295032833,24,250,1018,24,20598224,0,0,0,21814,86839982560,254245703936
2022-04-30,ZHZ42QQY,0,52514944,7,0,392301844,21983,6,0,4295032833,24,251,1020,24,52514944,0,0,0,21845,86894597792,254711286720
2022-05-01,ZHZ42QQY,0,26617616,7,0,397596737,21999,6,0,4295032833,24,251,1020,24,26617616,0,0,0,21861,86924019144,254900109056
2022-05-02,ZHZ42QQY,0,147647664,7,0,406924734,22030,6,0,4295032833,24,251,1022,24,147647664,0,0,0,21892,86983733904,255205564976
2022-05-03,ZHZ42QQY,0,112744512,7,0,410259055,22046,6,0,4295032833,23,251,1022,23,112744512,0,0,0,21908,87015904464,255382632152
2022-05-04,ZHZ42QQY,0,18591200,7,0,414624550,22077,6,0,4295032833,24,251,1024,24,18591200,0,0,0,21939,87070305136,255722359744
2022-05-05,ZHZ42QQY,0,195017136,7,0,420398209,22109,6,0,4295032833,23,251,1025,23,195017136,0,0,0,21970,87118628256,256094603320
2022-05-06,ZHZ42QQY,0,226988000,7,0,424455517,22124,6,0,4295032833,24,251,1026,24,226988000,0,0,0,21986,87153467992,256335875352
2022-05-07,ZHZ42QQY,0,111786632,7,0,434090609,22156,6,0,4295032833,24,252,1027,24,111786632,0,0,0,22017,87195077800,256667345896
2022-05-08,ZHZ42QQY,0,241963808,7,0,435753151,22171,6,0,4295032833,24,253,1028,24,241963808,0,0,0,22033,87227063424,256765537448
2022-05-09,ZHZ42QQY,0,39410160,7,0,444612563,22203,6,0,4295032833,23,253,1029,23,39410160,0,0,0,22064,87272522608,257005805880
2022-05-10,ZHZ42QQY,0,173991688,7,0,446661744,22219,6,0,4295032833,24,254,1030,24,173991688,0,0,0,22079,87299807520,257113102496
2022-05-11,ZHZ42QQY,0,147049360,7,0,454283899,22250,6,0,4295032833,23,254,1031,23,147049360,0,0,0,22111,87348477016,257525772064
2022-05-12,ZHZ42QQY,0,122996136,7,0,456799353,22266,6,0,4295032833,23,255,1032,23,122996136,0,0,0,22126,87372125616,257722210912
2022-05-13,ZHZ42QQY,0,135527352,7,0,464334825,22297,6,0,4295032833,23,255,1033,23,135527352,0,0,0,22157,87418618488,258176530552
2022-05-14,ZHZ42QQY,0,171412240,7,0,471182801,22328,6,0,4295032833,24,255,1034,24,171412240,0,0,0,22189,87469764000,258649551272
2022-05-15,ZHZ42QQY,0,137273440,7,0,474219830,22344,6,0,4295032833,24,256,1035,24,137273440,0,0,0,22204,87495022632,258834294472
2022-05-16,ZHZ42QQY,0,222111256,7,0,482860816,22376,6,0,4295032833,24,257,1036,24,222111256,0,0,0,22236,87557552816,259100742904
2022-05-17,ZHZ42QQY,0,201435096,7,0,485512775,22391,6,0,4295032833,23,257,1037,23,201435096,0,0,0,22251,87579701640,259302058992
2022-05-18,ZHZ42QQY,0,151166504,7,0,488011725,22407,6,0,4295032833,23,257,1037,23,151166504,0,0,0,22267,87606797064,259468835608
2022-05-19,ZHZ42QQY,0,110893536,7,0,493628738,22438,6,0,4295032833,23,257,1040,23,110893536,0,0,0,22298,87647491880,259876149576
2022-05-20,ZHZ42QQY,0,66411232,7,0,496319265,22454,6,0,4295032833,24,257,1040,24,66411232,0,0,0,22314,87679200832,260044099200
2022-05-21,ZHZ42QQY,0,113832136,7,0,505217670,22485,6,0,4295032833,23,257,1042,23,113832136,0,0,0,22345,87721564216,260537438248
2022-05-22,ZHZ42QQY,0,77034704,7,0,511209549,22517,6,0,4295032833,24,257,1043,24,77034704,0,0,0,22376,87771319840,260939166904
2022-05-23,ZHZ42QQY,0,180513392,7,0,516519680,22532,6,0,4295032833,24,258,1044,24,180513392,0,0,0,22391,87794497216,261019468216
2022-05-24,ZHZ42QQY,0,143373640,7,0,522646905,22564,6,0,4295032833,24,258,1045,24,143373640,0,0,0,22423,87842622008,261422485032
2022-05-25,ZHZ42QQY,0,109938856,7,0,525265691,22579,6,0,4295032833,24,258,1045,24,109938856,0,0,0,22438,87873696736,261602116160
2022-05-26,ZHZ42QQY,0,23584424,7,0,531013784,22610,6,0,4295032833,23,258,1047,23,23584424,0,0,0,22469,87933659976,261944080232
2022-05-27,ZHZ42QQY,0,18456232,7,0,534381521,22626,6,0,4295032833,24,258,1047,24,18456232,0,0,0,22485,87959984848,262156767800
2022-05-28,ZHZ42QQY,0,55953384,7,0,542701780,22657,6,0,4295032833,23,258,1049,23,55953384,0,0,0,22516,88005728616,262636802784
2022-05-29,ZHZ42QQY,0,53553816,7,0,545457200,22673,6,0,4295032833,23,258,1049,23,53553816,0,0,0,22532,88034666400,262849606656
2022-05-30,ZHZ42QQY,0,150489824,7,0,555717467,22704,6,0,4295032833,24,258,1051,24,150489824,0,0,0,22562,88086021632,263139328064
2022-05-31,ZHZ42QQY,0,151972728,7,0,558989747,22720,6,0,4295032833,23,258,1051,23,151972728,0,0,0,22578,88108759576,263362213656
2022-06-01,ZHZ42QQY,0,93849440,7,0,563446634,22751,6,0,4295032833,24,259,1053,24,93849440,0,0,0,22609,88162509688,263738622072
2022-06-02,ZHZ42QQY,0,43889184,7,0,567380220,22767,6,0,4295032833,23,259,1053,23,43889184,0,0,0,22625,88194512920,263900799344
2022-06-03,ZHZ42QQY,0,47484872,7,0,573324699,22798,6,0,4295032833,24,259,1054,24,47484872,0,0,0,22656,88247026376,264340163376
2022-06-04,ZHZ42QQY,0,225535528,7,0,584323575,22829,6,0,4295032833,23,259,1056,23,225535528,0,0,0,22687,88300205936,264709175104
2022-06-05,ZHZ42QQY,0,186633608,7,0,586976935,22845,6,0,4295032833,23,259,1056,23,186633608,0,0,0,22702,88328667232,264885952664
2022-06-07,ZHZ42QQY,0,217876544,7,0,598212905,22892,6,0,4295032833,23,261,1058,23,217876544,0,0,0,22749,88409554032,265324590152
2022-06-08,ZHZ42QQY,0,175987288,7,0,604257156,22923,6,0,4295032833,23,262,1060,23,175987288,0,0,0,22780,88456677168,265723859248
2022-06-09,ZHZ42QQY,0,88881608,7,0,606895699,22939,6,0,4295032833,23,262,1060,23,88881608,0,0,0,22795,88477596128,265859975328
2022-06-10,ZHZ42QQY,0,93649912,7,0,614359612,22970,6,0,4295032833,24,262,1062,24,93649912,0,0,0,22826,88526576992,266304044160
2022-06-11,ZHZ42QQY,0,79356816,7,0,618674121,22985,6,0,4295032833,22,262,1062,22,79356816,0,0,0,22842,88559106168,266501362520
2022-06-12,ZHZ42QQY,0,33592056,7,0,624279111,23017,6,0,4295032833,24,262,1064,24,33592056,0,0,0,22872,88588801224,266914184368
2022-06-13,ZHZ42QQY,0,149533976,7,0,628781429,23032,6,0,4295032833,24,262,1064,24,149533976,0,0,0,22888,88623754072,266995173440
2022-06-14,ZHZ42QQY,0,86949424,7,0,636478912,23064,6,0,4295032833,23,263,1066,23,86949424,0,0,0,22919,88677495128,267367129104
2022-06-15,ZHZ42QQY,0,20592776,7,0,642977448,23095,6,0,4295032833,24,263,1067,24,20592776,0,0,0,22951,88736797784,267729751456
2022-06-16,ZHZ42QQY,0,82329032,7,0,645630333,23121,6,0,4295032833,24,263,1072,24,82329032,0,0,0,22971,88776570840,267995855346
2022-06-17,ZHZ42QQY,0,151385960,7,0,649571513,23136,6,0,4295032833,24,263,1072,24,151385960,0,0,0,22986,88804101984,268281521962
2022-06-18,ZHZ42QQY,0,170782248,7,0,653435702,23152,6,0,4295032833,23,263,1073,23,170782248,0,0,0,23002,88835087536,268514073330
2022-06-19,ZHZ42QQY,0,175638016,7,0,658506059,23183,6,0,4295032833,23,263,1077,23,175638016,0,0,0,23032,88892484360,268949817490
2022-06-20,ZHZ42QQY,0,192151192,8,0,661656703,23199,7,0,4295032833,22,263,1083,22,192151192,0,0,0,23048,88924166816,269178788836
2022-06-21,ZHZ42QQY,0,181141552,8,0,667844897,23230,7,0,4295032833,23,263,1085,23,181141552,0,0,0,23079,88985015448,269595256524
2022-06-22,ZHZ42QQY,0,103105824,8,0,672532454,23262,7,0,4295032833,24,263,1086,24,103105824,0,0,0,23110,89039579104,269950938660
2022-06-23,ZHZ42QQY,0,124386248,8,0,676773933,23278,7,0,4295032833,23,264,1087,23,124386248,0,0,0,23126,89067106008,270188832876
2022-06-24,ZHZ42QQY,0,199916840,8,0,683700888,23309,7,0,4295032833,24,265,1088,24,199916840,0,0,0,23157,89125666840,270694087252
2022-06-25,ZHZ42QQY,0,204886576,8,0,688163992,23324,7,0,4295032833,24,265,1089,24,204886576,0,0,0,23173,89144727040,270924137484
2022-06-26,ZHZ42QQY,0,180163224,8,0,693012736,23356,7,0,4295032833,24,265,1090,24,180163224,0,0,0,23204,89184269000,271348153980
2022-06-27,ZHZ42QQY,0,68191832,8,0,699068036,23372,7,0,4295032833,23,265,1090,23,68191832,0,0,0,23220,89207547808,271457044580
2022-06-28,ZHZ42QQY,0,27726688,8,0,702642007,23403,7,0,4295032833,24,265,1092,24,27726688,0,0,0,23251,89237318360,271875090420
2022-06-29,ZHZ42QQY,0,74974328,8,0,705736362,23419,7,0,4295032833,23,265,1092,23,74974328,0,0,0,23267,89255377864,272148419188
2022-06-30,ZHZ42QQY,0,70794104,8,0,710082499,23450,7,0,4295032833,24,266,1094,24,70794104,0,0,0,23297,89288533688,272599364452
2022-07-01,ZHZ42QQY,0,82064192,8,0,711840147,23466,7,0,4295032833,23,266,1094,23,82064192,0,0,0,23313,89316107256,272827201604
2022-07-02,ZHZ42QQY,0,126764912,8,0,718493806,23497,7,0,4295032833,23,267,1096,23,126764912,0,0,0,23344,89364948704,273311342332
2022-07-03,ZHZ42QQY,0,116081416,8,0,721026009,23513,7,0,4295032833,23,267,1096,23,116081416,0,0,0,23360,89400857200,273508890972
2022-07-04,ZHZ42QQY,0,173913888,8,0,728182869,23544,7,0,4295032833,24,267,1098,24,173913888,0,0,0,23391,89454938016,273756783516
2022-07-05,ZHZ42QQY,0,47954800,8,0,732781617,23559,7,0,4295032833,23,267,1098,23,47954800,0,0,0,23407,89483391224,273846511852
2022-07-06,ZHZ42QQY,0,56962096,8,0,739186444,23591,7,0,4295032833,23,268,1100,23,56962096,0,0,0,23438,89529163912,274298027860
2022-07-07,ZHZ42QQY,0,84074000,8,0,741047584,23606,7,0,4295032833,23,268,1100,23,84074000,0,0,0,23453,89564056976,274534387540
2022-07-08,ZHZ42QQY,0,152453920,8,0,747721511,23638,7,0,4295032833,24,268,1102,24,152453920,0,0,0,23485,89621251680,275033854020
2022-07-09,ZHZ42QQY,0,120724040,8,0,751987284,23653,7,0,4295032833,24,268,1102,24,120724040,0,0,0,23500,89655366904,275212149668
2022-07-10,ZHZ42QQY,0,39959808,8,0,761710632,23685,7,0,4295032833,24,268,1104,24,39959808,0,0,0,23531,89725302624,275793871796
2022-07-11,ZHZ42QQY,0,183545800,8,0,767201007,23700,7,0,4295032833,23,268,1104,23,183545800,0,0,0,23547,89749274592,275913485820
2022-07-12,ZHZ42QQY,0,94635472,8,0,773996760,23732,7,0,4295032833,23,268,1106,23,94635472,0,0,0,23578,89803133992,276258997492
2022-07-13,ZHZ42QQY,0,70154256,8,0,780303778,23763,7,0,4295032833,23,268,1107,23,70154256,0,0,0,23609,89850150128,276675785796
2022-07-14,ZHZ42QQY,0,64944232,8,0,782806889,23779,7,0,4295032833,23,268,1108,23,64944232,0,0,0,23624,89877832128,276887034524
2022-07-15,ZHZ42QQY,0,209862448,8,0,790518747,23810,7,0,4295032833,24,268,1109,24,209862448,0,0,0,23656,89932400560,277221525372
2022-07-16,ZHZ42QQY,0,166222176,8,0,795513972,23826,7,0,4295032833,23,269,1110,23,166222176,0,0,0,23671,89969563360,277384862932
2022-07-17,ZHZ42QQY,0,31811720,8,0,803232972,23857,7,0,4295032833,23,269,1111,23,31811720,0,0,0,23702,90020685120,277687612452
2022-07-18,ZHZ42QQY,0,168634176,8,0,807940317,23873,7,0,4295032833,24,269,1111,24,168634176,0,0,0,23718,90051525640,277793594388
2022-07-19,ZHZ42QQY,0,55659008,8,0,813471084,23904,7,0,4295032833,23,269,1113,23,55659008,0,0,0,23749,90095734248,278124692140
2022-07-20,ZHZ42QQY,0,34668328,8,0,817498968,23919,7,0,4295032833,23,269,1113,23,34668328,0,0,0,23765,90121355000,278322221572
2022-07-21,ZHZ42QQY,0,158179664,8,0,823169955,23951,7,0,4295032833,24,270,1115,24,158179664,0,0,0,23796,90191891456,278619337084
2022-07-22,ZHZ42QQY,0,101238000,8,0,825552138,23966,7,0,4295032833,23,270,1115,23,101238000,0,0,0,23812,90215455400,278782972108
2022-07-23,ZHZ42QQY,0,105243792,8,0,834899688,23998,7,0,4295032833,23,270,1117,23,105243792,0,0,0,23843,90257095024,279233619700
2022-07-24,ZHZ42QQY,0,54959320,8,0,836973037,24013,7,0,4295032833,24,270,1117,24,54959320,0,0,0,23858,90279711200,279404859756
2022-07-25,ZHZ42QQY,0,140598112,8,0,845363762,24045,7,0,4295032833,23,271,1119,23,140598112,0,0,0,23889,90329522992,279684827388
2022-07-26,ZHZ42QQY,0,108505592,8,0,849132659,24060,7,0,4295032833,24,271,1119,24,108505592,0,0,0,23905,90354284936,279872113692
2022-07-27,ZHZ42QQY,0,52824728,8,0,855246724,24092,7,0,4295032833,23,271,1121,23,52824728,0,0,0,23936,90406649752,280252349388
2022-07-28,ZHZ42QQY,0,210466328,8,0,860671668,24123,7,0,4295032833,23,272,1122,23,210466328,0,0,0,23967,90446075864,280614706148
2022-07-29,ZHZ42QQY,0,216836976,8,0,863989362,24139,7,0,4295032833,23,272,1123,23,216836976,0,0,0,23983,90470264224,280841029444
2022-07-30,ZHZ42QQY,0,51973744,8,0,872167031,24170,7,0,4295032833,24,272,1124,24,51973744,0,0,0,24014,90507698720,281127013492
2022-07-31,ZHZ42QQY,0,9944216,8,0,876436491,24186,7,0,4295032833,23,272,1125,23,9944216,0,0,0,24029,90528606856,281308216708
2022-08-01,ZHZ42QQY,0,95528352,8,0,885017017,24217,7,0,4295032833,24,273,1126,24,95528352,0,0,0,24061,90570906488,281595642044
2022-08-02,ZHZ42QQY,0,240062968,8,0,889921917,24233,7,0,4295032833,23,274,1127,23,240062968,0,0,0,24076,90594582216,281716500932
2022-08-03,ZHZ42QQY,0,68585408,8,0,901222125,24264,7,0,4295032833,23,274,1128,23,68585408,0,0,0,24107,90651215664,281976671188
2022-08-04,ZHZ42QQY,0,180272152,8,0,905694561,24280,7,0,4295032833,23,275,1129,23,180272152,0,0,0,24123,90678143752,282061429844
2022-08-05,ZHZ42QQY,0,125156776,8,0,913200688,24311,7,0,4295032833,23,275,1130,23,125156776,0,0,0,24154,90722479416,282450260196
2022-08-06,ZHZ42QQY,0,87514568,8,0,917902981,24327,7,0,4295032833,23,275,1131,23,87514568,0,0,0,24170,90745716400,282633521636
2022-08-07,ZHZ42QQY,0,70735360,8,0,923806344,24358,7,0,4295032833,24,276,1132,24,70735360,0,0,0,24201,90791335344,283059404852
2022-08-08,ZHZ42QQY,0,162234200,8,0,932456780,24389,7,0,4295032833,23,276,1133,23,162234200,0,0,0,24233,90833410984,283352968684
2022-08-09,ZHZ42QQY,0,131470528,8,0,935467218,24405,7,0,4295032833,23,276,1134,23,131470528,0,0,0,24248,90857828952,283541927932
2022-08-10,ZHZ42QQY,0,134866832,8,0,941576646,24437,7,0,4295032833,24,277,1135,24,134866832,0,0,0,24279,90905444616,283985990564
2022-08-11,ZHZ42QQY,0,164200384,8,0,944932980,24452,7,0,4295032833,23,277,1136,23,164200384,0,0,0,24295,90934126304,284230783060
2022-08-12,ZHZ42QQY,0,178389682,8,0,947217091,24468,7,0,4295032833,23,277,1139,23,178389682,0,0,0,24311,90947552960,284475686566
2022-08-13,ZHZ42QQY,0,95921184,8,0,955398713,24500,7,0,4295032833,24,277,1140,24,95921184,0,0,0,24342,90974685688,284854366598
2022-08-14,ZHZ42QQY,0,63668984,8,0,961391255,24531,7,0,4295032833,23,277,1141,23,63668984,0,0,0,24373,91016932120,285268149238
2022-08-15,ZHZ42QQY,0,219027568,8,0,967294284,24547,7,0,4295032833,23,277,1142,23,219027568,0,0,0,24389,91044276024,285396163918
2022-08-16,ZHZ42QQY,0,168031224,8,0,973672972,24578,7,0,4295032833,23,278,1143,23,168031224,0,0,0,24420,91087229976,285790494902
2022-08-17,ZHZ42QQY,0,139143488,8,0,976370255,24594,7,0,4295032833,23,278,1144,23,139143488,0,0,0,24436,91110226376,285982751430
2022-08-18,ZHZ42QQY,0,40935960,8,0,982734548,24625,7,0,4295032833,23,278,1145,23,40935960,0,0,0,24467,91150245232,286332806374
2022-08-19,ZHZ42QQY,0,70298720,8,0,985807176,24641,7,0,4295032833,23,278,1146,23,70298720,0,0,0,24483,91170290936,286586264062
2022-08-20,ZHZ42QQY,0,182409864,8,0,994131605,24672,7,0,4295032833,23,278,1147,23,182409864,0,0,0,24514,91211972384,286900834390
2022-08-21,ZHZ42QQY,0,134145192,8,0,998224000,24688,7,0,4295032833,23,278,1148,23,134145192,0,0,0,24529,91247922536,287060760230
2022-08-22,ZHZ42QQY,0,178964856,8,0,6256332,24719,7,0,4295032833,24,278,1149,24,178964856,0,0,0,24561,91295615024,287302028414
2022-08-23,ZHZ42QQY,0,89090416,8,0,9817919,24735,7,0,4295032833,23,278,1150,23,89090416,0,0,0,24576,91321221528,287430688102
2022-08-24,ZHZ42QQY,0,107545432,8,0,16474780,24766,7,0,4295032833,23,278,1151,23,107545432,0,0,0,24607,91390402312,287868243734
2022-08-25,ZHZ42QQY,0,57695712,8,0,20275719,24798,7,0,4295032833,24,278,1152,24,57695712,0,0,0,24639,91441280360,288255800070
2022-08-26,ZHZ42QQY,0,48689752,8,0,23530837,24813,7,0,4295032833,23,279,1153,23,48689752,0,0,0,24654,91465731264,288466483846
2022-08-27,ZHZ42QQY,0,93854488,8,0,31395960,24845,7,0,4295032833,24,280,1154,24,93854488,0,0,0,24685,91522676096,288942985174
2022-08-28,ZHZ42QQY,0,89504968,8,0,33581985,24860,7,0,4295032833,23,280,1155,23,89504968,0,0,0,24701,91554868568,289150583990
2022-08-29,ZHZ42QQY,0,183940944,8,0,42839945,24892,7,0,4295032833,23,280,1156,23,183940944,0,0,0,24732,91610479776,289433549390
2022-08-30,ZHZ42QQY,0,142608808,8,0,44488822,24908,7,0,4295032833,23,280,1157,23,142608808,0,0,0,24748,91637836152,289609001590
2022-08-31,ZHZ42QQY,0,198310576,8,0,51231900,24939,7,0,4295032833,23,280,1158,23,198310576,0,0,0,24779,91703165392,290087655566
2022-09-01,ZHZ42QQY,0,224559048,8,0,54178186,24955,7,0,4295032833,23,280,1159,23,224559048,0,0,0,24795,91755629616,290305580454
2022-09-02,ZHZ42QQY,0,35898544,8,0,62465073,24986,7,0,4295032833,23,280,1160,23,35898544,0,0,0,24826,91806003792,290798967982
2022-09-03,ZHZ42QQY,0,43831184,8,0,66621649,25002,7,0,4295032833,24,280,1161,24,43831184,0,0,0,24842,91831981616,291025063430
2022-09-04,ZHZ42QQY,0,33637976,8,0,72947121,25033,7,0,4295032833,24,280,1162,24,33637976,0,0,0,24873,91884904184,291450228918
2022-09-05,ZHZ42QQY,0,190166800,8,0,78440494,25049,7,0,4295032833,24,281,1163,24,190166800,0,0,0,24889,91913456032,291578205894
2022-09-06,ZHZ42QQY,0,134894552,8,0,84545842,25080,7,0,4295032833,23,281,1164,23,134894552,0,0,0,24920,91962144184,291962526886
2022-09-07,ZHZ42QQY,0,174883056,8,0,88821206,25096,7,0,4295032833,24,282,1165,24,174883056,0,0,0,24936,91989426648,292219373710
2022-09-08,ZHZ42QQY,0,159984016,8,0,94583583,25127,7,0,4295032833,24,283,1166,24,159984016,0,0,0,24967,92038516520,292643667398
2022-09-09,ZHZ42QQY,0,156371840,8,0,102613038,25159,7,0,4295032833,24,283,1167,24,156371840,0,0,0,24998,92090921224,293075932094
2022-09-10,ZHZ42QQY,0,227778728,8,0,107553963,25174,7,0,4295032833,23,283,1168,23,227778728,0,0,0,25014,92122513560,293359887294
2022-09-11,ZHZ42QQY,0,79575880,8,0,113183548,25206,7,0,4295032833,24,283,1169,24,79575880,0,0,0,25045,92177249256,293645230014
2022-09-12,ZHZ42QQY,0,225248512,8,0,117100434,25222,7,0,4295032833,23,283,1170,23,225248512,0,0,0,25061,92210679664,293757472238
2022-09-13,ZHZ42QQY,0,202833976,8,0,122788462,25253,7,0,4295032833,24,284,1171,24,202833976,0,0,0,25092,92266188304,294167830598
2022-09-14,ZHZ42QQY,0,183296336,8,0,125911576,25269,7,0,4295032833,23,284,1172,23,183296336,0,0,0,25108,92299365896,294359255998
2022-09-15,ZHZ42QQY,0,161556840,8,0,128380600,25285,7,0,4295032833,24,284,1173,24,161556840,0,0,0,25124,92333186496,294547836574
2022-09-16,ZHZ42QQY,0,197404768,8,0,137952208,25316,7,0,4295032833,23,284,1175,23,197404768,0,0,0,25155,92390851680,295014300870
2022-09-17,ZHZ42QQY,0,239881376,8,0,146673535,25347,7,0,4295032833,24,284,1176,24,239881376,0,0,0,25186,92440031520,295495878982
2022-09-18,ZHZ42QQY,0,132685432,8,0,153024009,25379,7,0,4295032833,23,284,1177,23,132685432,0,0,0,25217,92499612928,295817383014
2022-09-19,ZHZ42QQY,0,21062544,8,0,156266952,25395,7,0,4295032833,23,284,1178,23,21062544,0,0,0,25233,92530171672,295919342102
2022-09-20,ZHZ42QQY,0,180414608,8,0,159535596,25426,7,0,4295032833,23,284,1179,23,180414608,0,0,0,25264,92579731592,296273275118
2022-09-21,ZHZ42QQY,0,122233664,8,0,161014653,25442,7,0,4295032833,23,284,1180,23,122233664,0,0,0,25280,92600400152,296438566294
2022-09-22,ZHZ42QQY,0,14181496,8,0,164568318,25473,7,0,4295032833,23,284,1181,23,14181496,0,0,0,25311,92654652984,296764542830
2022-09-23,ZHZ42QQY,0,14242088,8,0,168590198,25489,7,0,4295032833,24,284,1182,24,14242088,0,0,0,25327,92677739584,296985657694
2022-09-24,ZHZ42QQY,0,210199024,8,0,173686440,25520,7,0,4295032833,23,284,1183,23,210199024,0,0,0,25358,92725397712,297378097374
2022-09-25,ZHZ42QQY,0,8803952,8,0,176950242,25536,7,0,4295032833,23,284,1184,23,8803952,0,0,0,25374,92749917976,297640463534
2022-09-26,ZHZ42QQY,0,74846208,8,0,185093979,25568,7,0,4295032833,23,284,1185,23,74846208,0,0,0,25405,92805989672,297894574734
2022-09-27,ZHZ42QQY,0,94685064,8,0,189066504,25583,7,0,4295032833,23,284,1186,23,94685064,0,0,0,25421,92825719472,298138824582
2022-09-28,ZHZ42QQY,0,78202720,8,0,194444127,25615,7,0,4295032833,23,284,1187,23,78202720,0,0,0,25452,92869736848,298566606374
2022-09-29,ZHZ42QQY,0,48675280,8,0,197712430,25631,7,0,4295032833,23,284,1188,23,48675280,0,0,0,25468,92892855512,298758101022
2022-09-30,ZHZ42QQY,0,77921592,8,0,205557581,25662,7,0,4295032833,24,284,1189,24,77921592,0,0,0,25499,92941266552,299227217750
2022-10-01,ZHZ42QQY,0,66147824,8,0,209638714,25678,7,0,4295032833,23,285,1190,23,66147824,0,0,0,25514,92968694576,299432156638
2022-10-02,ZHZ42QQY,0,28585952,8,0,217062877,25709,7,0,4295032833,23,285,1191,23,28585952,0,0,0,25546,93020858808,299830711806
2022-10-03,ZHZ42QQY,0,124543416,8,0,221011429,25725,7,0,4295032833,24,285,1192,24,124543416,0,0,0,25562,93043637488,299903890590
2022-10-04,ZHZ42QQY,0,87451264,8,0,228117805,25757,7,0,4295032833,23,285,1193,23,87451264,0,0,0,25593,93088526640,300310190686
2022-10-05,ZHZ42QQY,0,28726856,8,0,230124618,25773,7,0,4295032833,24,285,1194,24,28726856,0,0,0,25609,93113041424,300471092150
2022-10-06,ZHZ42QQY,0,49777248,8,0,238672820,25804,7,0,4295032833,24,285,1195,24,49777248,0,0,0,25640,93162557608,300930907814
2022-10-07,ZHZ42QQY,0,81279496,8,0,244199120,25820,7,0,4295032833,24,285,1196,24,81279496,0,0,0,25656,93189181032,301179927342
2022-10-08,ZHZ42QQY,0,128910624,8,0,252640664,25851,7,0,4295032833,23,285,1197,23,128910624,0,0,0,25688,93234414592,301670606526
2022-10-09,ZHZ42QQY,0,112521984,8,0,255462910,25867,7,0,4295032833,23,286,1198,23,112521984,0,0,0,25703,93262830944,301869942838
2022-10-10,ZHZ42QQY,0,187670808,8,0,263928590,25899,7,0,4295032833,23,286,1199,23,187670808,0,0,0,25735,93306301352,302145762782
2022-10-11,ZHZ42QQY,0,158597024,8,0,266417034,25914,7,0,4295032833,24,286,1200,24,158597024,0,0,0,25750,93310486640,302356644414
2022-10-12,ZHZ42QQY,0,154403800,8,0,274393689,25946,7,0,4295032833,23,287,1201,23,154403800,0,0,0,25781,93351316688,302799902486
2022-10-13,ZHZ42QQY,0,184543096,8,0,278259310,25961,7,0,4295032833,24,287,1201,24,184543096,0,0,0,25797,93379301520,303046197646
2022-10-14,ZHZ42QQY,0,202882872,8,0,284968336,25993,7,0,4295032833,24,287,1203,24,202882872,0,0,0,25828,93425198976,303506921294
2022-10-15,ZHZ42QQY,0,215526872,8,0,291511683,26009,7,0,4295032833,24,287,1203,24,215526872,0,0,0,25844,93449501824,303739403078
2022-10-16,ZHZ42QQY,0,53666304,8,0,299946864,26040,7,0,4295032833,24,287,1205,24,53666304,0,0,0,25875,93512308176,304247158598
2022-10-17,ZHZ42QQY,0,194964920,8,0,304602693,26056,7,0,4295032833,23,287,1205,23,194964920,0,0,0,25891,93551964112,304348801278
2022-10-18,ZHZ42QQY,0,164859648,8,0,311703715,26087,7,0,4295032833,24,288,1207,24,164859648,0,0,0,25923,93607218560,304751723214
2022-10-19,ZHZ42QQY,0,155086840,8,0,314420696,26103,7,0,4295032833,23,288,1207,23,155086840,0,0,0,25938,93640568648,304952741102
2022-10-20,ZHZ42QQY,0,147465592,8,0,321243602,26135,7,0,4295032833,24,289,1209,24,147465592,0,0,0,25969,93695826576,305378143350
2022-10-21,ZHZ42QQY,0,143108128,8,0,323846639,26150,7,0,4295032833,24,289,1209,24,143108128,0,0,0,25985,93736540176,305577213126
2022-10-22,ZHZ42QQY,0,213657472,8,0,333459195,26182,7,0,4295032833,24,289,1211,24,213657472,0,0,0,26016,93804227280,306068356654
2022-10-23,ZHZ42QQY,0,191851840,8,0,335915483,26198,7,0,4295032833,23,289,1211,23,191851840,0,0,0,26032,93829886824,306265032134
2022-10-24,ZHZ42QQY,0,51549032,8,0,343415519,26229,7,0,4295032833,24,289,1213,24,51549032,0,0,0,26063,93897150352,306545747166
2022-10-25,ZHZ42QQY,0,32302352,8,0,349032624,26261,7,0,4295032833,24,289,1214,24,32302352,0,0,0,26094,93947140672,306964791646
2022-10-26,ZHZ42QQY,0,53136800,8,0,352026270,26276,7,0,4295032833,24,289,1215,24,53136800,0,0,0,26110,93972854832,307204052806
2022-10-27,ZHZ42QQY,0,76771888,8,0,356869848,26308,7,0,4295032833,24,290,1216,24,76771888,0,0,0,26141,94025466240,307663357750
2022-10-28,ZHZ42QQY,0,101862680,8,0,359608087,26324,7,0,4295032833,24,291,1217,24,101862680,0,0,0,26157,94056770096,307901285326
2022-10-29,ZHZ42QQY,0,38655712,8,0,365343169,26355,7,0,4295032833,24,291,1218,24,38655712,0,0,0,26189,94110153656,308272976142
2022-10-30,ZHZ42QQY,0,8906480,8,0,368216136,26371,7,0,4295032833,24,291,1219,24,8906480,0,0,0,26204,94138186936,308459334470
2022-10-31,ZHZ42QQY,0,239030024,8,0,373162183,26402,7,0,4295032833,24,291,1220,24,239030024,0,0,0,26235,94194689888,308632955062
2022-11-01,ZHZ42QQY,0,107538824,8,0,376949090,26418,7,0,4295032833,24,291,1221,24,107538824,0,0,0,26251,94226059248,308714235174
2022-11-02,ZHZ42QQY,0,196673296,8,0,382940273,26449,7,0,4295032833,23,291,1222,23,196673296,0,0,0,26283,94284191904,308989377622
2022-11-03,ZHZ42QQY,0,179978112,8,0,386047064,26465,7,0,4295032833,24,291,1223,24,179978112,0,0,0,26298,94312194696,309188820278
2022-11-04,ZHZ42QQY,0,193586936,8,0,392858544,26496,7,0,4295032833,24,291,1224,24,193586936,0,0,0,26329,94355925912,309646979230
2022-11-05,ZHZ42QQY,0,18607840,8,0,397466118,26512,7,0,4295032833,23,291,1224,23,18607840,0,0,0,26345,94379891352,309936316414
2022-11-06,ZHZ42QQY,0,35582744,8,0,402913076,26543,7,0,4295032833,23,291,1226,23,35582744,0,0,0,26376,94437243312,310384221174
2022-11-07,ZHZ42QQY,0,169874624,8,0,407109548,26559,7,0,4295032833,23,291,1226,23,169874624,0,0,0,26391,94461797456,310493958910
2022-11-08,ZHZ42QQY,0,100890968,8,0,413978199,26590,7,0,4295032833,23,292,1228,23,100890968,0,0,0,26422,94509336616,310865717446
2022-11-09,ZHZ42QQY,0,124910712,8,0,419861971,26621,7,0,4295032833,24,292,1229,24,124910712,0,0,0,26453,94563907696,311323447606
2022-11-10,ZHZ42QQY,0,111132496,8,0,422401506,26637,7,0,4295032833,23,292,1230,23,111132496,0,0,0,26469,94598192752,311519525078
2022-11-11,ZHZ42QQY,0,201751264,8,0,430003776,26668,7,0,4295032833,24,292,1231,24,201751264,0,0,0,26500,94648237424,312048380470
2022-11-12,ZHZ42QQY,0,22115456,8,0,436193423,26683,7,0,4295032833,24,292,1232,24,22115456,0,0,0,26516,94672862896,312332400622
2022-11-13,ZHZ42QQY,0,52908824,8,0,442821258,26714,7,0,4295032833,24,292,1233,24,52908824,0,0,0,26547,94727458120,312796883070
2022-11-14,ZHZ42QQY,0,167493304,8,0,447254584,26730,7,0,4295032833,23,293,1234,23,167493304,0,0,0,26562,94756270728,312882654942
2022-11-15,ZHZ42QQY,0,109224920,8,0,453099282,26761,7,0,4295032833,24,293,1235,24,109224920,0,0,0,26593,94807875496,313261063686
2022-11-16,ZHZ42QQY,0,132512424,8,0,457084826,26777,7,0,4295032833,23,293,1236,23,132512424,0,0,0,26608,94834960360,313501407118
2022-11-17,ZHZ42QQY,0,30986696,8,0,466849276,26807,7,0,4295032833,24,294,1237,24,30986696,0,0,0,26639,94890499040,313832623982
2022-11-18,ZHZ42QQY,0,146927040,8,0,470213266,26823,7,0,4295032833,24,294,1237,24,146927040,0,0,0,26655,94920536392,313918526974
2022-11-19,ZHZ42QQY,0,197021536,8,0,480028730,26854,7,0,4295032833,24,294,1239,24,197021536,0,0,0,26686,94989714032,314143584694
2022-11-20,ZHZ42QQY,0,65804624,8,0,484160506,26885,7,0,4295032833,23,294,1241,23,65804624,0,0,0,26716,95043809488,314446553974
2022-11-21,ZHZ42QQY,0,179647560,8,0,487936325,26901,7,0,4295032833,23,294,1241,23,179647560,0,0,0,26732,95068966488,314535239910
2022-11-22,ZHZ42QQY,0,174359312,11,0,492153108,26934,10,0,4295032833,23,294,1252,23,174359312,0,0,0,26763,95124514432,314962685892
2022-11-23,ZHZ42QQY,0,206850848,11,0,496133197,26950,10,0,4295032833,23,294,1253,23,206850848,0,0,0,26778,95152973920,315210858676
2022-11-24,ZHZ42QQY,0,124233344,11,0,500389940,26981,10,0,4295032833,23,294,1254,23,124233344,0,0,0,26809,95207269720,315562228910
2022-11-25,ZHZ42QQY,0,184826440,11,0,504947098,26996,10,0,4295032833,23,294,1255,23,184826440,0,0,0,26825,95232939024,315841293358
2022-11-26,ZHZ42QQY,0,200511584,11,0,512266452,27027,10,0,4295032833,23,294,1256,23,200511584,0,0,0,26856,95279246472,316298952550
2022-11-27,ZHZ42QQY,0,239537392,11,0,516125596,27043,10,0,4295032833,23,295,1257,23,239537392,0,0,0,26871,95307485680,316553879894
2022-11-28,ZHZ42QQY,0,22640336,11,0,523434870,27074,10,0,4295032833,23,296,1258,23,22640336,0,0,0,26902,95358085224,316774664574
2022-11-29,ZHZ42QQY,0,38937736,11,0,526952112,27090,10,0,4295032833,24,297,1259,24,38937736,0,0,0,26917,95383568224,317009619662
2022-11-30,ZHZ42QQY,0,99910264,11,0,530174712,27121,10,0,4295032833,23,297,1260,23,99910264,0,0,0,26948,95435422568,317262878622
2022-12-01,ZHZ42QQY,0,63706000,11,0,531766086,27136,10,0,4295032833,23,297,1261,23,63706000,0,0,0,26964,95461903960,317444333622
2022-12-02,ZHZ42QQY,0,114100424,11,0,536441314,27168,10,0,4295032833,23,297,1262,23,114100424,0,0,0,26995,95523004936,317677767782
2022-12-03,ZHZ42QQY,0,45668424,11,0,540763883,27183,10,0,4295032833,23,297,1263,23,45668424,0,0,0,27011,95552209896,317824271454
2022-12-04,ZHZ42QQY,0,168403512,11,0,546162282,27215,10,0,4295032833,23,297,1264,23,168403512,0,0,0,27042,95606342824,318137014262
2022-12-05,ZHZ42QQY,0,243304048,11,0,555018596,27246,10,0,4295032833,24,297,1265,24,243304048,0,0,0,27073,95663324816,318399073590
2022-12-06,ZHZ42QQY,0,194428128,11,0,557750581,27261,10,0,4295032833,23,298,1266,23,194428128,0,0,0,27089,95692086648,318565576654
2022-12-07,ZHZ42QQY,0,76376712,11,0,562602945,27292,10,0,4295032833,24,299,1267,24,76376712,0,0,0,27119,95749072656,318878820662
2022-12-08,ZHZ42QQY,0,95618248,11,0,566151121,27308,10,0,4295032833,23,299,1268,23,95618248,0,0,0,27135,95779570728,319111704918
2022-12-09,ZHZ42QQY,0,25878336,11,0,572522952,27339,10,0,4295032833,24,299,1269,24,25878336,0,0,0,27166,95835939232,319473877974
2022-12-11,ZHZ42QQY,0,234610928,11,0,582977350,27386,10,0,4295032833,24,299,1271,24,234610928,0,0,0,27212,95931963888,320074867398
2022-12-11,ZHZ42QQY,0,234610928,11,0,582977350,27386,10,0,4295032833,24,299,1271,24,234610928,0,0,0,27212,95931963888,320074867398
2022-12-12,ZHZ42QQY,0,133583752,11,0,588025560,27402,10,0,4295032833,24,299,1272,24,133583752,0,0,0,27228,95958518712,320191426030
2022-12-13,ZHZ42QQY,0,2007888,11,0,593704559,27433,10,0,4295032833,24,299,1273,24,2007888,0,0,0,27259,96011769304,320494881422
2022-12-14,ZHZ42QQY,0,11553024,11,0,596970351,27448,10,0,4295032833,24,299,1274,24,11553024,0,0,0,27274,96044445680,320715890846
2022-12-15,ZHZ42QQY,0,158398416,11,0,601666032,27480,10,0,4295032833,23,299,1275,23,158398416,0,0,0,27306,96109476248,321041846526
2022-12-16,ZHZ42QQY,0,87984480,11,0,603606192,27495,10,0,4295032833,23,299,1276,23,87984480,0,0,0,27321,96139964048,321185085446
2022-12-17,ZHZ42QQY,0,205671488,11,0,609916860,27527,10,0,4295032833,23,299,1277,23,205671488,0,0,0,27353,96196610440,321490266694
2022-12-18,ZHZ42QQY,0,63478936,11,0,611298244,27543,10,0,4295032833,23,299,1278,23,63478936,0,0,0,27368,96224332992,321564492262
2022-12-19,ZHZ42QQY,0,30871872,11,0,617114783,27574,10,0,4295032833,23,300,1279,23,30871872,0,0,0,27400,96284737920,321715620902
2022-12-20,ZHZ42QQY,0,177208600,11,0,618619654,27590,10,0,4295032833,23,301,1280,23,177208600,0,0,0,27415,96330245304,321816450246
2022-12-21,ZHZ42QQY,0,225543584,11,0,621670377,27621,10,0,4295032833,23,302,1281,23,225543584,0,0,0,27447,96391665600,322047505702
2022-12-22,ZHZ42QQY,0,189203040,11,0,624463023,27637,10,0,4295032833,23,302,1282,23,189203040,0,0,0,27462,96417729360,322229242038
2022-12-23,ZHZ42QQY,0,238397368,11,0,633098260,27669,10,0,4295032833,23,302,1283,23,238397368,0,0,0,27494,96464306016,322720141118
2022-12-24,ZHZ42QQY,0,224575040,11,0,636630193,27684,10,0,4295032833,23,302,1284,23,224575040,0,0,0,27510,96498094136,322916671694
2022-12-25,ZHZ42QQY,0,126233160,11,0,641772120,27716,10,0,4295032833,23,302,1285,23,126233160,0,0,0,27541,96571432952,323233272806
2022-12-26,ZHZ42QQY,0,150580440,11,0,650246028,27747,10,0,4295032833,24,303,1286,24,150580440,0,0,0,27572,96621194704,323451999678
2022-12-27,ZHZ42QQY,0,134543656,11,0,653141099,27763,10,0,4295032833,23,303,1287,23,134543656,0,0,0,27587,96657650680,323643647550
2022-12-28,ZHZ42QQY,0,70543624,11,0,656290811,27795,10,0,4295032833,23,303,1288,23,70543624,0,0,0,27619,96711080520,324014499118
2022-12-29,ZHZ42QQY,0,81330760,11,0,657997265,27810,10,0,4295032833,23,304,1289,23,81330760,0,0,0,27634,96738999576,324241507830
2022-12-30,ZHZ42QQY,0,20195080,11,0,665421141,27842,10,0,4295032833,23,304,1290,23,20195080,0,0,0,27666,96791923464,324615729710
2022-12-31,ZHZ42QQY,0,28160312,11,0,670098089,27857,10,0,4295032833,23,304,1291,23,28160312,0,0,0,27681,96822732656,324837026550
