2022-01-01,ZHZ50LXC,0,226904346,7,0,97830769,17498,7,0,0,31,2,9643,31,226904346,0,0,0,15858,75230233280,181100704608
2022-01-02,ZHZ50LXC,0,79439600,7,0,102229164,17529,7,0,0,32,2,9644,32,79439600,0,0,0,15889,75393320448,181522575440
2022-01-03,ZHZ50LXC,0,228514480,7,0,105884559,17545,7,0,0,32,2,9644,32,228514480,0,0,0,15905,75437741688,181627229080
2022-01-04,ZHZ50LXC,0,75925248,7,0,110439461,17576,7,0,0,32,2,9647,32,75925248,0,0,0,15936,75573024424,182071779248
2022-01-05,ZHZ50LXC,0,114604706,8,0,112647525,17592,8,0,0,33,2,9650,33,114604706,0,0,0,15951,75637216048,182290407842
2022-01-06,ZHZ50LXC,0,70626808,8,0,114709033,17608,8,0,0,32,2,9650,32,70626808,0,0,0,15967,75680954480,182446832410
2022-01-07,ZHZ50LXC,0,80855400,8,0,119087335,17639,8,0,0,32,2,9652,32,80855400,0,0,0,15998,75767857744,182858439778
2022-01-08,ZHZ50LXC,0,28065808,8,0,122950325,17670,8,0,0,33,2,9653,33,28065808,0,0,0,16029,75860156520,183201632762
2022-01-09,ZHZ50LXC,0,10401840,8,0,124771261,17686,8,0,0,33,2,9654,33,10401840,0,0,0,16045,75908839320,183379426938
2022-01-10,ZHZ50LXC,0,185580424,8,0,134111369,17718,8,0,0,34,2,9655,34,185580424,0,0,0,16076,75985365392,183722220714
2022-01-11,ZHZ50LXC,0,159344824,8,0,136313889,17733,8,0,0,33,2,9656,33,159344824,0,0,0,16092,76032563424,183892927754
2022-01-12,ZHZ50LXC,0,159108480,8,0,140964855,17765,8,0,0,33,2,9657,33,159108480,0,0,0,16123,76144282816,184269253642
2022-01-13,ZHZ50LXC,0,168505584,8,0,143006589,17780,8,0,0,33,2,9658,33,168505584,0,0,0,16139,76209410576,184457663786
2022-01-14,ZHZ50LXC,0,160176872,8,0,148168713,17812,8,0,0,34,2,9659,34,160176872,0,0,0,16170,76316467112,184830559922
2022-01-15,ZHZ50LXC,0,137740608,8,0,151582723,17827,8,0,0,33,2,9660,33,137740608,0,0,0,16185,76367195896,185001535610
2022-01-16,ZHZ50LXC,0,82829248,8,0,155279250,17859,8,0,0,34,2,9661,34,82829248,0,0,0,16216,76455834336,185346267420
2022-01-17,ZHZ50LXC,0,23700816,8,0,159252070,17874,8,0,0,33,2,9661,33,23700816,0,0,0,16232,76509503144,185477610812
2022-01-18,ZHZ50LXC,0,170184944,8,0,163000850,17906,8,0,0,33,2,9663,33,170184944,0,0,0,16263,76598858136,185778880676
2022-01-19,ZHZ50LXC,0,132085648,8,0,165001857,17922,8,0,0,33,2,9663,33,132085648,0,0,0,16279,76650418024,185933362132
2022-01-20,ZHZ50LXC,0,87024968,8,0,168623894,17953,8,0,0,32,2,9665,32,87024968,0,0,0,16310,76726328072,186300672812
2022-01-21,ZHZ50LXC,0,43618752,8,0,174748389,17984,8,0,0,33,2,9666,33,43618752,0,0,0,16342,76786603536,186685272420
2022-01-22,ZHZ50LXC,0,13420304,8,0,176789052,18000,8,0,0,33,2,9667,33,13420304,0,0,0,16357,76824144960,186861673468
2022-01-23,ZHZ50LXC,0,221077384,8,0,180819965,18032,8,0,0,33,2,9668,33,221077384,0,0,0,16389,76918178392,187219437892
2022-01-24,ZHZ50LXC,0,195252400,8,0,184901702,18047,8,0,0,33,2,9669,33,195252400,0,0,0,16404,76962798664,187393133324
2022-01-25,ZHZ50LXC,0,56993944,8,0,189130142,18079,8,0,0,33,2,9670,33,56993944,0,0,0,16436,77051966704,187653988492
2022-01-26,ZHZ50LXC,0,34292824,8,0,190803249,18094,8,0,0,33,2,9671,33,34292824,0,0,0,16451,77094450496,187832944212
2022-01-27,ZHZ50LXC,0,29026624,8,0,192522379,18110,8,0,0,32,2,9671,32,29026624,0,0,0,16467,77125009080,188041260580
2022-01-28,ZHZ50LXC,0,135930160,8,0,196190940,18142,8,0,0,33,2,9672,33,135930160,0,0,0,16498,77199624984,188317688844
2022-01-29,ZHZ50LXC,0,203527968,8,0,200530640,18157,8,0,0,32,2,9673,32,203527968,0,0,0,16514,77238016248,188591036044
2022-01-30,ZHZ50LXC,0,120754208,8,0,204575233,18189,8,0,0,32,2,9674,32,120754208,0,0,0,16545,77336387152,188898173284
2022-01-31,ZHZ50LXC,0,9218896,8,0,210321150,18220,8,0,0,33,2,9676,33,9218896,0,0,0,16576,77372869712,189238436916
2022-02-01,ZHZ50LXC,0,175718376,8,0,212288462,18236,8,0,0,33,2,9676,33,175718376,0,0,0,16592,77423983776,189353822332
2022-02-02,ZHZ50LXC,0,208368744,8,0,216589895,18267,8,0,0,33,2,9678,33,208368744,0,0,0,16623,77540446032,189758292084
2022-02-03,ZHZ50LXC,0,149833344,8,0,218409794,18283,8,0,0,32,2,9678,32,149833344,0,0,0,16639,77592741192,189891602180
2022-02-04,ZHZ50LXC,0,178016576,8,0,223098342,18314,8,0,0,33,2,9679,33,178016576,0,0,0,16670,77681619272,190319188804
2022-02-05,ZHZ50LXC,0,134345544,8,0,226795479,18330,8,0,0,32,2,9680,32,134345544,0,0,0,16685,77744408328,190456869876
2022-02-06,ZHZ50LXC,0,150875344,8,0,230747903,18361,8,0,0,32,2,9681,32,150875344,0,0,0,16717,77839189696,190866899700
2022-02-07,ZHZ50LXC,0,88610464,8,0,234177059,18377,8,0,0,33,2,9682,33,88610464,0,0,0,16732,77886278064,191001687084
2022-02-08,ZHZ50LXC,0,233412976,8,0,238517156,18408,8,0,0,33,2,9683,33,233412976,0,0,0,16764,77968556920,191308352212
2022-02-09,ZHZ50LXC,0,31585240,8,0,243366198,18424,8,0,0,34,2,9684,34,31585240,0,0,0,16779,78022334744,191541028852
2022-02-10,ZHZ50LXC,0,207101128,8,0,247800947,18455,8,0,0,33,2,9685,33,207101128,0,0,0,16810,78085473000,191897547268
2022-02-11,ZHZ50LXC,0,121731504,8,0,253166592,18487,8,0,0,34,2,9687,34,121731504,0,0,0,16841,78165189216,192220742692
2022-02-12,ZHZ50LXC,0,160833240,8,0,256390549,18503,8,0,0,33,2,9687,33,160833240,0,0,0,16857,78198478432,192470695844
2022-02-13,ZHZ50LXC,0,75467232,8,0,260086203,18534,8,0,0,33,2,9689,33,75467232,0,0,0,16888,78274372880,192797716748
2022-02-14,ZHZ50LXC,0,26385976,8,0,264155105,18550,8,0,0,33,2,9689,33,26385976,0,0,0,16904,78307624712,192959524396
2022-02-15,ZHZ50LXC,0,156125256,8,0,267892079,18581,8,0,0,33,2,9691,33,156125256,0,0,0,16935,78390310288,193250718876
2022-02-16,ZHZ50LXC,0,193786168,8,0,269883575,18597,8,0,0,33,2,9691,33,193786168,0,0,0,16951,78427590320,193495240452
2022-02-17,ZHZ50LXC,0,162726152,8,0,273879790,18628,8,0,0,33,2,9693,33,162726152,0,0,0,16982,78487003608,193893048772
2022-02-18,ZHZ50LXC,0,156149592,8,0,275421568,18644,8,0,0,33,2,9693,33,156149592,0,0,0,16998,78497989776,194119626676
2022-02-19,ZHZ50LXC,0,137870576,8,0,281401937,18675,8,0,0,33,2,9694,33,137870576,0,0,0,17029,78521923136,194565695668
2022-02-20,ZHZ50LXC,0,163006168,8,0,283199150,18691,8,0,0,32,2,9695,32,163006168,0,0,0,17044,78537061568,194819833628
2022-02-21,ZHZ50LXC,0,30680832,8,0,288575157,18722,8,0,0,34,2,9696,34,30680832,0,0,0,17076,78562890040,195149961364
2022-02-22,ZHZ50LXC,0,214636760,8,0,292265248,18754,8,0,0,33,2,9698,33,214636760,0,0,0,17107,78612695088,195528252916
2022-02-23,ZHZ50LXC,0,3443552,8,0,294006908,18769,8,0,0,33,2,9698,33,3443552,0,0,0,17123,78638164104,195779872188
2022-02-24,ZHZ50LXC,0,184926104,8,0,297374667,18801,8,0,0,33,2,9700,33,184926104,0,0,0,17154,78678522416,196165137540
2022-02-25,ZHZ50LXC,0,192176568,8,0,299854235,18816,8,0,0,33,2,9700,33,192176568,0,0,0,17169,78690465456,196404585900
2022-02-26,ZHZ50LXC,0,182142480,8,0,304875484,18848,8,0,0,33,2,9702,33,182142480,0,0,0,17201,78712576256,196860722412
2022-02-27,ZHZ50LXC,0,150819920,8,0,306363693,18863,8,0,0,32,2,9702,32,150819920,0,0,0,17216,78722357648,197063759356
2022-02-28,ZHZ50LXC,0,80322064,8,0,312124780,18895,8,0,0,33,2,9704,33,80322064,0,0,0,17247,78773036064,197430865788
2022-03-01,ZHZ50LXC,0,62138440,8,0,314026751,18911,8,0,0,33,2,9704,33,62138440,0,0,0,17263,78789928576,197639930364
2022-03-02,ZHZ50LXC,0,78461328,8,0,317760344,18942,8,0,0,33,2,9706,33,78461328,0,0,0,17294,78848693080,198085770212
2022-03-03,ZHZ50LXC,0,78635128,8,0,319474510,18958,8,0,0,33,2,9706,33,78635128,0,0,0,17310,78871730720,198307047188
2022-03-04,ZHZ50LXC,0,198197752,8,0,324239684,18989,8,0,0,34,2,9708,34,198197752,0,0,0,17341,78909062624,198877559644
2022-03-05,ZHZ50LXC,0,32774488,8,0,327388001,19005,8,0,0,33,2,9708,33,32774488,0,0,0,17356,78958508944,199150971644
2022-03-06,ZHZ50LXC,0,125413160,8,0,331027553,19036,8,0,0,33,2,9709,33,125413160,0,0,0,17388,79011661848,199678744052
2022-03-07,ZHZ50LXC,0,51935248,8,0,334770619,19052,8,0,0,33,2,9710,33,51935248,0,0,0,17403,79040773928,199820294692
2022-03-08,ZHZ50LXC,0,209117560,8,0,338608637,19083,8,0,0,33,2,9711,33,209117560,0,0,0,17434,79098392664,200408139588
2022-03-09,ZHZ50LXC,0,20860960,8,0,340604209,19099,8,0,0,33,2,9712,33,20860960,0,0,0,17450,79128604736,200677952292
2022-03-10,ZHZ50LXC,0,229590152,8,0,346973159,19130,8,0,0,34,2,9713,34,229590152,0,0,0,17481,79190505160,201313062556
2022-03-11,ZHZ50LXC,0,62325728,8,0,350429181,19146,8,0,0,33,2,9714,33,62325728,0,0,0,17497,79224640128,201599944764
2022-03-12,ZHZ50LXC,0,133142080,8,0,357318392,19177,8,0,0,32,2,9715,32,133142080,0,0,0,17528,79309350080,202074332492
2022-03-13,ZHZ50LXC,0,128846936,8,0,359669326,19193,8,0,0,33,2,9716,33,128846936,0,0,0,17544,79350701440,202272826684
2022-03-14,ZHZ50LXC,0,238059402,8,0,365163387,19224,8,0,0,31,2,9717,31,238059402,0,0,0,17575,79431329528,202545551942
2022-03-15,ZHZ50LXC,0,241696672,8,0,367472191,19240,8,0,0,33,2,9718,33,241696672,0,0,0,17591,79473516040,202751143606
2022-03-16,ZHZ50LXC,0,183711064,8,0,372165859,19271,8,0,0,33,2,9719,33,183711064,0,0,0,17622,79569776512,203085178974
2022-03-17,ZHZ50LXC,0,130540336,8,0,374437831,19287,8,0,0,33,2,9720,33,130540336,0,0,0,17638,79628304200,203217621190
2022-03-18,ZHZ50LXC,0,45161400,8,0,378946256,19318,8,0,0,34,2,9721,34,45161400,0,0,0,17669,79705265120,203543562670
2022-03-19,ZHZ50LXC,0,157956392,8,0,383364538,19334,8,0,0,33,2,9722,33,157956392,0,0,0,17684,79746345744,203859417670
2022-03-20,ZHZ50LXC,0,87654656,8,0,388177879,19365,8,0,0,33,2,9723,33,87654656,0,0,0,17716,79828585408,204195157710
2022-03-21,ZHZ50LXC,0,29986224,8,0,395130674,19397,8,0,0,33,2,9724,33,29986224,0,0,0,17747,79910550088,204543805902
2022-03-22,ZHZ50LXC,0,192814040,8,0,397348327,19412,8,0,0,33,2,9725,33,192814040,0,0,0,17762,79951173232,204666010574
2022-03-23,ZHZ50LXC,0,99075336,8,0,401612171,19444,8,0,0,32,2,9726,32,99075336,0,0,0,17793,80035074952,204976651990
2022-03-24,ZHZ50LXC,0,98451344,8,0,403493109,19459,8,0,0,33,2,9727,33,98451344,0,0,0,17809,80074637784,205180606102
2022-03-25,ZHZ50LXC,0,66471424,8,0,407749135,19491,8,0,0,32,2,9728,32,66471424,0,0,0,17840,80162633784,205548911998
2022-03-26,ZHZ50LXC,0,106076136,8,0,411306877,19506,8,0,0,33,2,9729,33,106076136,0,0,0,17856,80213249104,205782042038
2022-03-27,ZHZ50LXC,0,180148952,8,0,413246383,19522,8,0,0,33,2,9730,33,180148952,0,0,0,17871,80254328520,206059176070
2022-03-28,ZHZ50LXC,0,217615112,8,0,418461783,19553,8,0,0,33,2,9731,33,217615112,0,0,0,17903,80352765016,206486487390
2022-03-29,ZHZ50LXC,0,163784328,8,0,423576975,19585,8,0,0,32,2,9732,32,163784328,0,0,0,17934,80437356056,206836347038
2022-03-30,ZHZ50LXC,0,157050960,8,0,425575392,19600,8,0,0,33,2,9733,33,157050960,0,0,0,17949,80477885272,207033225302
2022-03-31,ZHZ50LXC,0,75846984,8,0,429136314,19632,8,0,0,32,2,9734,32,75846984,0,0,0,17980,80542507216,207375680966
2022-04-01,ZHZ50LXC,0,88362272,8,0,430934672,19647,8,0,0,33,2,9735,33,88362272,0,0,0,17996,80567846776,207606997438
2022-04-02,ZHZ50LXC,0,73853896,8,0,436713087,19679,8,0,0,33,2,9736,33,73853896,0,0,0,18027,80611699032,208036918230
2022-04-03,ZHZ50LXC,0,57963376,8,0,438308890,19694,8,0,0,32,2,9737,32,57963376,0,0,0,18043,80640727512,208236140350
2022-04-04,ZHZ50LXC,0,162850872,8,0,443773816,19726,8,0,0,32,2,9738,32,162850872,0,0,0,18074,80688786288,208537109910
2022-04-05,ZHZ50LXC,0,197293128,8,0,445426013,19741,8,0,0,33,2,9739,33,197293128,0,0,0,18089,80708296736,208796182454
2022-04-06,ZHZ50LXC,0,193569576,8,0,448832216,19773,8,0,0,33,2,9740,33,193569576,0,0,0,18121,80759422248,209229614798
2022-04-07,ZHZ50LXC,0,139974320,8,0,451929248,19804,8,0,0,33,2,9741,33,139974320,0,0,0,18152,80804127192,209619596478
2022-04-08,ZHZ50LXC,0,71963880,8,0,453542491,19820,8,0,0,33,2,9742,33,71963880,0,0,0,18167,80837837240,209762016630
2022-04-09,ZHZ50LXC,0,161840072,8,0,459978634,19851,8,0,0,33,2,9743,33,161840072,0,0,0,18199,80907276248,210270735302
2022-04-10,ZHZ50LXC,0,153496376,8,0,461716038,19867,8,0,0,32,2,9744,32,153496376,0,0,0,18215,80932207696,210481600814
2022-04-11,ZHZ50LXC,0,26025120,8,0,467210973,19899,8,0,0,32,2,9745,32,26025120,0,0,0,18246,80977186040,210797432750
2022-04-12,ZHZ50LXC,0,225896792,8,0,469356806,19915,8,0,0,32,2,9746,32,225896792,0,0,0,18262,81000766632,210973723830
2022-04-13,ZHZ50LXC,0,53173672,8,0,472645252,19946,8,0,0,33,2,9747,33,53173672,0,0,0,18293,81045007448,211489181934
2022-04-14,ZHZ50LXC,0,210053344,8,0,474298916,19962,8,0,0,32,2,9748,32,210053344,0,0,0,18309,81065774840,211625294214
2022-04-15,ZHZ50LXC,0,138514536,8,0,478296535,19993,8,0,0,33,2,9749,33,138514536,0,0,0,18340,81117902504,211989909622
2022-04-16,ZHZ50LXC,0,176113456,8,0,483961739,20009,8,0,0,33,2,9750,33,176113456,0,0,0,18356,81142328248,212247223630
2022-04-17,ZHZ50LXC,0,193898184,8,0,488927249,20040,8,0,0,33,2,9751,33,193898184,0,0,0,18387,81181980816,212713637782
2022-04-18,ZHZ50LXC,0,112084440,8,0,491583831,20056,8,0,0,33,2,9752,33,112084440,0,0,0,18403,81208234152,212849711382
2022-04-19,ZHZ50LXC,0,238944520,8,0,496912128,20087,8,0,0,33,2,9753,33,238944520,0,0,0,18434,81265400656,213163545590
2022-04-20,ZHZ50LXC,0,108738816,8,0,498600321,20103,8,0,0,33,2,9754,33,108738816,0,0,0,18450,81292689872,213250191422
2022-04-21,ZHZ50LXC,0,13011832,8,0,501707392,20134,8,0,0,33,2,9755,33,13011832,0,0,0,18481,81337907304,213597528918
2022-04-22,ZHZ50LXC,0,232115920,8,0,503519603,20150,8,0,0,32,2,9756,32,232115920,0,0,0,18497,81367144880,213787395430
2022-04-23,ZHZ50LXC,0,61299712,8,0,509761630,20181,8,0,0,32,2,9757,32,61299712,0,0,0,18528,81422516976,214293629422
2022-04-24,ZHZ50LXC,0,232072,8,0,512994551,20213,8,0,0,33,2,9758,33,232072,0,0,0,18559,81474194232,214669166470
2022-04-25,ZHZ50LXC,0,189406984,8,0,516754476,20228,8,0,0,33,2,9759,33,189406984,0,0,0,18574,81529187280,214803348334
2022-04-26,ZHZ50LXC,0,122464984,8,0,520757102,20260,8,0,0,33,2,9760,33,122464984,0,0,0,18606,81578141984,215175733310
2022-04-27,ZHZ50LXC,0,154536040,8,0,522874631,20275,8,0,0,33,2,9761,33,154536040,0,0,0,18621,81604327280,215425759838
2022-04-28,ZHZ50LXC,0,11895440,8,0,526067514,20306,8,0,0,32,2,9762,32,11895440,0,0,0,18652,81653095872,215722632238
2022-04-29,ZHZ50LXC,0,51490944,8,0,527999115,20322,8,0,0,33,2,9763,33,51490944,0,0,0,18668,81678822536,215980641710
2022-04-30,ZHZ50LXC,0,167338048,8,0,534068693,20354,8,0,0,33,2,9764,33,167338048,0,0,0,18699,81736422416,216283029622
2022-05-01,ZHZ50LXC,0,110569168,8,0,535744831,20369,8,0,0,33,2,9765,33,110569168,0,0,0,18714,81768147816,216438676102
2022-05-02,ZHZ50LXC,0,211881816,8,0,541438107,20401,8,0,0,33,2,9766,33,211881816,0,0,0,18746,81839050712,216713226486
2022-05-03,ZHZ50LXC,0,208730312,8,0,543924854,20416,8,0,0,33,2,9767,33,208730312,0,0,0,18761,81894229944,216899036470
2022-05-04,ZHZ50LXC,0,239847360,8,0,547782604,20448,8,0,0,32,2,9768,32,239847360,0,0,0,18792,81955711496,217356953646
2022-05-05,ZHZ50LXC,0,216715208,8,0,549574380,20463,8,0,0,33,2,9769,33,216715208,0,0,0,18808,81976768040,217556905694
2022-05-06,ZHZ50LXC,0,137823512,8,0,553065468,20495,8,0,0,32,2,9770,32,137823512,0,0,0,18839,82030673024,217912390646
2022-05-07,ZHZ50LXC,0,139837296,8,0,557667844,20510,8,0,0,33,2,9771,33,139837296,0,0,0,18854,82056319560,218132898526
2022-05-08,ZHZ50LXC,0,83881448,8,0,561153161,20542,8,0,0,31,2,9772,31,83881448,0,0,0,18886,82111488672,218510055374
2022-05-09,ZHZ50LXC,0,137544800,8,0,567127616,20573,8,0,0,32,2,9773,32,137544800,0,0,0,18917,82162996152,218756351878
2022-05-10,ZHZ50LXC,0,27809072,8,0,568844817,20589,8,0,0,31,2,9774,31,27809072,0,0,0,18932,82193063912,218860689094
2022-05-11,ZHZ50LXC,0,40203960,8,0,571862870,20620,8,0,0,33,2,9775,33,40203960,0,0,0,18964,82244954880,219065333766
2022-05-12,ZHZ50LXC,0,35365304,8,0,573787839,20636,8,0,0,32,2,9776,32,35365304,0,0,0,18979,82265217712,219284372974
2022-05-13,ZHZ50LXC,0,67128288,8,0,578803235,20667,8,0,0,33,2,9777,33,67128288,0,0,0,19011,82313626896,219756008142
2022-05-14,ZHZ50LXC,0,94652056,8,0,582445641,20683,8,0,0,32,2,9778,32,94652056,0,0,0,19026,82339936064,220001363622
2022-05-15,ZHZ50LXC,0,77542000,8,0,586123633,20714,8,0,0,34,2,9779,34,77542000,0,0,0,19058,82392227792,220420243414
2022-05-16,ZHZ50LXC,0,51522472,8,0,589457114,20730,8,0,0,32,2,9780,32,51522472,0,0,0,19073,82417739728,220612852606
2022-05-17,ZHZ50LXC,0,197176056,8,0,593995861,20761,8,0,0,34,2,9781,34,197176056,0,0,0,19104,82471714256,220948673334
2022-05-18,ZHZ50LXC,0,3811400,8,0,595967397,20777,8,0,0,32,2,9782,32,3811400,0,0,0,19120,82501182864,221214121430
2022-05-19,ZHZ50LXC,0,144444640,8,0,599166685,20808,8,0,0,32,2,9783,32,144444640,0,0,0,19151,82548806760,221551271558
2022-05-20,ZHZ50LXC,0,134749152,8,0,601181741,20824,8,0,0,33,2,9784,33,134749152,0,0,0,19166,82578410008,221756113886
2022-05-21,ZHZ50LXC,0,101465376,8,0,607564378,20855,8,0,0,33,2,9785,33,101465376,0,0,0,19198,82648249104,222141272630
2022-05-22,ZHZ50LXC,0,116984416,8,0,614921193,20887,8,0,0,32,2,9786,32,116984416,0,0,0,19229,82709970384,222583351782
2022-05-23,ZHZ50LXC,0,213260072,8,0,618237345,20903,8,0,0,32,2,9787,32,213260072,0,0,0,19245,82739976512,222649621310
2022-05-24,ZHZ50LXC,0,193885328,8,0,623057979,20934,8,0,0,33,2,9788,33,193885328,0,0,0,19276,82794002664,223064501910
2022-05-25,ZHZ50LXC,0,175587760,8,0,624966910,20950,8,0,0,32,2,9789,32,175587760,0,0,0,19292,82834453304,223249894478
2022-05-26,ZHZ50LXC,0,176836904,8,0,626826540,20965,8,0,0,32,2,9790,32,176836904,0,0,0,19307,82866046328,223463691350
2022-05-27,ZHZ50LXC,0,83281992,8,0,630255091,20997,8,0,0,32,2,9791,32,83281992,0,0,0,19339,82928525408,223795939006
2022-05-28,ZHZ50LXC,0,131980424,8,0,636839034,21028,8,0,0,33,2,9792,33,131980424,0,0,0,19370,82982932664,224278511646
2022-05-29,ZHZ50LXC,0,17145936,8,0,638606334,21044,8,0,0,32,2,9793,32,17145936,0,0,0,19386,83010588776,224380161742
2022-05-30,ZHZ50LXC,0,89534856,8,0,644536453,21076,8,0,0,33,2,9794,33,89534856,0,0,0,19417,83066890864,224640389566
2022-05-31,ZHZ50LXC,0,110256120,8,0,646543851,21091,8,0,0,33,2,9795,33,110256120,0,0,0,19433,83101181552,224870960870
2022-06-01,ZHZ50LXC,0,62106144,8,0,650055462,21123,8,0,0,33,2,9796,33,62106144,0,0,0,19464,83154272688,225258001206
2022-06-02,ZHZ50LXC,0,54532784,8,0,651925458,21138,8,0,0,32,2,9797,32,54532784,0,0,0,19479,83182757520,225466083646
2022-06-03,ZHZ50LXC,0,167519912,8,0,656126555,21169,8,0,0,32,2,9798,32,167519912,0,0,0,19510,83241341472,225764627510
2022-06-04,ZHZ50LXC,0,238213370,9,0,660416270,21200,9,0,0,33,2,9800,33,238213370,0,0,0,19541,83309126664,226255817416
2022-06-05,ZHZ50LXC,0,238957416,9,0,662325085,21216,9,0,0,32,2,9801,32,238957416,0,0,0,19557,83339694976,226470133848
2022-06-07,ZHZ50LXC,0,203337384,9,0,671048065,21263,9,0,0,32,2,9803,32,203337384,0,0,0,19604,83458885952,227047745440
2022-06-08,ZHZ50LXC,0,175366840,9,0,672932803,21279,9,0,0,32,2,9803,32,175366840,0,0,0,19620,83488714160,227234087360
2022-06-09,ZHZ50LXC,0,14022592,9,0,676395411,21310,9,0,0,31,2,9805,31,14022592,0,0,0,19651,83545583880,227504155096
2022-06-10,ZHZ50LXC,0,99174104,9,0,677907446,21326,9,0,0,32,2,9805,32,99174104,0,0,0,19666,83579063576,227555826912
2022-06-11,ZHZ50LXC,0,157860648,9,0,684393824,21357,9,0,0,33,2,9807,33,157860648,0,0,0,19697,83635943752,228045915032
2022-06-12,ZHZ50LXC,0,167021496,9,0,686144262,21373,9,0,0,32,2,9807,32,167021496,0,0,0,19713,83667563752,228267596672
2022-06-13,ZHZ50LXC,0,86601992,9,0,691784007,21404,9,0,0,33,2,9809,33,86601992,0,0,0,19744,83728345712,228614676928
2022-06-14,ZHZ50LXC,0,233644864,9,0,695402536,21420,9,0,0,32,2,9809,32,233644864,0,0,0,19760,83778349464,228711716048
2022-06-15,ZHZ50LXC,0,202666816,9,0,698867426,21451,9,0,0,32,2,9811,32,202666816,0,0,0,19791,83836278928,229111090376
2022-06-16,ZHZ50LXC,0,221967296,9,0,702438889,21482,9,0,0,33,2,9812,33,221967296,0,0,0,19822,83894653720,229560297840
2022-06-17,ZHZ50LXC,0,176056584,9,0,708666304,21514,9,0,0,32,2,9813,32,176056584,0,0,0,19854,83922286744,229975035408
2022-06-18,ZHZ50LXC,0,96221616,9,0,709693472,21529,9,0,0,32,2,9814,32,96221616,0,0,0,19869,83924159400,230137468456
2022-06-19,ZHZ50LXC,0,38229400,9,0,713128853,21561,9,0,0,32,2,9815,32,38229400,0,0,0,19901,83936031640,230555885872
2022-06-20,ZHZ50LXC,0,197586016,9,0,716476229,21577,9,0,0,32,2,9816,32,197586016,0,0,0,19916,83938271656,230713002472
2022-06-21,ZHZ50LXC,0,74710200,9,0,719355265,21608,9,0,0,32,2,9817,32,74710200,0,0,0,19948,83948334824,231068345240
2022-06-22,ZHZ50LXC,0,100707248,9,0,720863944,21624,9,0,0,33,2,9818,33,100707248,0,0,0,19963,83957456608,231329361136
2022-06-23,ZHZ50LXC,0,56051208,9,0,722647215,21640,9,0,0,33,2,9819,33,56051208,0,0,0,19979,83978445632,231507856792
2022-06-24,ZHZ50LXC,0,47725408,9,0,725993206,21671,9,0,0,33,2,9820,33,47725408,0,0,0,20010,84027540600,231938717336
2022-06-25,ZHZ50LXC,0,152480480,9,0,736162645,21702,9,0,0,34,2,9821,34,152480480,0,0,0,20041,84071863664,232487431168
2022-06-26,ZHZ50LXC,0,158272264,9,0,738028791,21718,9,0,0,32,2,9822,32,158272264,0,0,0,20057,84102674576,232706553072
2022-06-27,ZHZ50LXC,0,43015832,9,0,744236282,21749,9,0,0,34,2,9823,34,43015832,0,0,0,20088,84156392504,233025860448
2022-06-28,ZHZ50LXC,0,12175408,9,0,745963299,21765,9,0,0,32,2,9824,32,12175408,0,0,0,20104,84181972696,233213580584
2022-06-29,ZHZ50LXC,0,215527656,9,0,750578541,21797,9,0,0,34,2,9825,34,215527656,0,0,0,20135,84210091216,233632954976
2022-06-30,ZHZ50LXC,0,227022032,9,0,754128792,21812,9,0,0,34,2,9826,34,227022032,0,0,0,20151,84237722168,233860959464
2022-07-01,ZHZ50LXC,0,226863304,9,0,759163834,21844,9,0,0,33,2,9827,33,226863304,0,0,0,20182,84273134184,234313670624
2022-07-02,ZHZ50LXC,0,202037560,9,0,763116308,21859,9,0,0,32,2,9828,32,202037560,0,0,0,20197,84278433408,234527686288
2022-07-03,ZHZ50LXC,0,167889160,9,0,765768992,21891,9,0,0,34,2,9829,34,167889160,0,0,0,20229,84283095848,234977156880
2022-07-04,ZHZ50LXC,0,165772848,9,0,769788338,21922,9,0,0,32,2,9830,32,165772848,0,0,0,20260,84288666448,235213610600
2022-07-05,ZHZ50LXC,0,60315272,9,0,771744395,21938,9,0,0,34,2,9831,34,60315272,0,0,0,20276,84291178072,235349782304
2022-07-06,ZHZ50LXC,0,15612944,9,0,774559083,21969,9,0,0,32,2,9832,32,15612944,0,0,0,20307,84297261360,235787278160
2022-07-07,ZHZ50LXC,0,196859080,9,0,775886732,21985,9,0,0,33,2,9833,33,196859080,0,0,0,20322,84305010024,235960775632
2022-07-08,ZHZ50LXC,0,209291768,9,0,777699898,22001,9,0,0,31,2,9834,31,209291768,0,0,0,20338,84338213376,236184146976
2022-07-09,ZHZ50LXC,0,168438976,9,0,781136090,22032,9,0,0,32,2,9835,32,168438976,0,0,0,20369,84388685824,236581103000
2022-07-10,ZHZ50LXC,0,187282552,9,0,782893797,22048,9,0,0,31,2,9836,31,187282552,0,0,0,20385,84415289456,236817483576
2022-07-11,ZHZ50LXC,0,8278688,9,0,786891615,22079,9,0,0,32,2,9837,32,8278688,0,0,0,20416,84462813080,237079237840
2022-07-12,ZHZ50LXC,0,153143912,9,0,789680314,22095,9,0,0,32,2,9838,32,153143912,0,0,0,20432,84489657720,237197258424
2022-07-13,ZHZ50LXC,0,64924056,9,0,792648399,22126,9,0,0,32,2,9839,32,64924056,0,0,0,20463,84517198176,237569779560
2022-07-14,ZHZ50LXC,0,53592744,9,0,794064343,22142,9,0,0,31,2,9840,31,53592744,0,0,0,20479,84534810048,237784977008
2022-07-15,ZHZ50LXC,0,205789068,10,0,796587757,22174,10,0,0,26,2,9846,26,205789068,0,0,0,20510,84558441328,238157682820
2022-07-16,ZHZ50LXC,0,107360944,10,0,803076414,22206,10,0,0,27,2,9847,27,107360944,0,0,0,20542,84580075072,241455596756
2022-07-17,ZHZ50LXC,0,77689304,10,0,806279260,22221,10,0,0,26,2,9848,26,77689304,0,0,0,20558,84601818368,243113179900
2022-07-18,ZHZ50LXC,0,2344184,10,0,810946692,22253,10,0,0,26,2,9849,26,2344184,0,0,0,20589,84657722136,243714354524
2022-07-19,ZHZ50LXC,0,75175448,10,0,813529644,22268,10,0,0,26,2,9849,26,75175448,0,0,0,20604,84680815608,243764092316
2022-07-20,ZHZ50LXC,0,30536088,10,0,819601018,22300,10,0,0,27,2,9851,27,30536088,0,0,0,20636,84722058256,245631344460
2022-07-21,ZHZ50LXC,0,12409632,10,0,823263078,22315,10,0,0,27,2,9851,27,12409632,0,0,0,20651,84743902680,246812076980
2022-07-22,ZHZ50LXC,0,39667512,10,0,832155665,22347,10,0,0,27,2,9853,27,39667512,0,0,0,20682,84765599784,249259045628
2022-07-23,ZHZ50LXC,0,191526036,11,0,837200950,22362,11,0,0,27,2,9854,27,191526036,0,0,0,20698,84773727680,250379339752
2022-07-24,ZHZ50LXC,0,81710352,11,0,844535455,22394,11,0,0,27,2,9855,27,81710352,0,0,0,20729,84789275144,252695384280
2022-07-25,ZHZ50LXC,0,35128400,11,0,846002794,22409,11,0,0,26,2,9856,26,35128400,0,0,0,20745,84798125104,252884093000
2022-07-26,ZHZ50LXC,0,205254368,11,0,850696003,22441,11,0,0,26,2,9857,26,205254368,0,0,0,20776,84819465136,253032878936
2022-07-27,ZHZ50LXC,0,192774384,11,0,852958438,22457,11,0,0,27,2,9858,27,192774384,0,0,0,20792,84828715552,253255289168
2022-07-28,ZHZ50LXC,0,93077688,11,0,860414730,22488,11,0,0,27,2,9860,27,93077688,0,0,0,20823,84873019496,255064415984
2022-07-29,ZHZ50LXC,0,167685480,11,0,864746929,22504,11,0,0,27,2,9860,27,167685480,0,0,0,20839,84900037432,256088568832
2022-07-30,ZHZ50LXC,0,220124320,11,0,875090904,22535,11,0,0,27,2,9862,27,220124320,0,0,0,20870,84952398952,258285913424
2022-07-31,ZHZ50LXC,0,37711864,11,0,879861034,22551,11,0,0,27,2,9862,27,37711864,0,0,0,20886,84984255280,259292348680
2022-08-01,ZHZ50LXC,0,173792472,11,0,885257865,22582,11,0,0,26,2,9864,26,173792472,0,0,0,20917,85042057368,260347190048
2022-08-02,ZHZ50LXC,0,21362152,11,0,887929763,22598,11,0,0,26,2,9864,26,21362152,0,0,0,20932,85070495912,260410461920
2022-08-03,ZHZ50LXC,0,104350024,11,0,893747013,22629,11,0,0,27,2,9866,27,104350024,0,0,0,20963,85124573760,261660075552
2022-08-04,ZHZ50LXC,0,27710760,11,0,897518275,22645,11,0,0,27,2,9866,27,27710760,0,0,0,20979,85152884416,262775830056
2022-08-05,ZHZ50LXC,0,69987528,11,0,904042595,22676,11,0,0,27,2,9868,27,69987528,0,0,0,21010,85209082840,265447480512
2022-08-06,ZHZ50LXC,0,13138520,11,0,912130192,22707,11,0,0,27,2,9869,27,13138520,0,0,0,21041,85262127832,268023135976
2022-08-07,ZHZ50LXC,0,90776864,11,0,915344880,22723,11,0,0,26,2,9870,26,90776864,0,0,0,21057,85287478232,269296128104
2022-08-08,ZHZ50LXC,0,80129416,11,0,921563713,22754,11,0,0,27,2,9871,27,80129416,0,0,0,21088,85340100840,270697704248
2022-08-09,ZHZ50LXC,0,193809640,11,0,925086534,22770,11,0,0,27,2,9872,27,193809640,0,0,0,21103,85354778208,271773270112
2022-08-10,ZHZ50LXC,0,138018496,11,0,929197287,22786,11,0,0,27,2,9872,27,138018496,0,0,0,21119,85392350160,272900610808
2022-08-11,ZHZ50LXC,0,193723384,11,0,938960745,22817,11,0,0,27,2,9874,27,193723384,0,0,0,21150,85445989368,274855802528
2022-08-12,ZHZ50LXC,0,169289728,11,0,946916540,22849,11,0,0,27,2,9875,27,169289728,0,0,0,21182,85490825072,276983800264
2022-08-13,ZHZ50LXC,0,8562152,11,0,951119878,22865,11,0,0,27,2,9876,27,8562152,0,0,0,21197,85508986960,278025615130
2022-08-14,ZHZ50LXC,0,88955728,11,0,958999213,22896,11,0,0,27,2,9877,27,88955728,0,0,0,21229,85562923648,280005197802
2022-08-15,ZHZ50LXC,0,130965568,11,0,961288150,22912,11,0,0,26,2,9878,26,130965568,0,0,0,21245,85593739592,280260532434
2022-08-16,ZHZ50LXC,0,122418200,11,0,966526430,22943,11,0,0,26,2,9879,26,122418200,0,0,0,21276,85646430752,280443434642
2022-08-17,ZHZ50LXC,0,181278560,11,0,970515592,22959,11,0,0,26,2,9880,26,181278560,0,0,0,21292,85676393472,281204754866
2022-08-18,ZHZ50LXC,0,69593032,11,0,978969367,22990,11,0,0,27,2,9881,27,69593032,0,0,0,21322,85741584160,283225145172
2022-08-19,ZHZ50LXC,0,237904280,12,0,986776849,23021,12,0,0,27,2,9883,27,237904280,0,0,0,21353,85799150640,285289017350
2022-08-20,ZHZ50LXC,0,124264504,12,0,991572271,23037,12,0,0,27,2,9884,27,124264504,0,0,0,21369,85819015808,286376216366
2022-08-21,ZHZ50LXC,0,184203520,12,0,999135963,23069,12,0,0,26,2,9885,26,184203520,0,0,0,21400,85874865896,288577572406
2022-08-22,ZHZ50LXC,0,53205344,12,0,1677108,23084,12,0,0,26,2,9886,26,53205344,0,0,0,21416,85913990152,288651590606
2022-08-23,ZHZ50LXC,0,238136520,12,0,8263180,23116,12,0,0,27,2,9887,27,238136520,0,0,0,21447,85945431840,289049220726
2022-08-24,ZHZ50LXC,0,67473976,12,0,10641158,23131,12,0,0,27,2,9888,27,67473976,0,0,0,21463,85975813872,290068881838
2022-08-25,ZHZ50LXC,0,205344184,12,0,13339492,23147,12,0,0,26,2,9888,26,205344184,0,0,0,21479,86004866064,291154262934
2022-08-26,ZHZ50LXC,0,15313104,12,0,19119426,23178,12,0,0,26,2,9890,26,15313104,0,0,0,21510,86055287152,293355218102
2022-08-27,ZHZ50LXC,0,77560576,12,0,28811270,23210,12,0,0,27,2,9891,27,77560576,0,0,0,21541,86110330624,295559689038
2022-08-28,ZHZ50LXC,0,142946992,12,0,33368516,23225,12,0,0,26,2,9892,26,142946992,0,0,0,21556,86138532936,296573436126
2022-08-29,ZHZ50LXC,0,60456152,12,0,39254110,23257,12,0,0,27,2,9893,27,60456152,0,0,0,21587,86194353816,297167546590
2022-08-30,ZHZ50LXC,0,163693784,12,0,42547850,23272,12,0,0,26,2,9894,26,163693784,0,0,0,21603,86223137408,297242000630
2022-08-31,ZHZ50LXC,0,160317944,12,0,49258724,23304,12,0,0,27,2,9895,27,160317944,0,0,0,21634,86276712312,298649894470
2022-09-01,ZHZ50LXC,0,203847328,12,0,53234814,23319,12,0,0,27,2,9896,27,203847328,0,0,0,21650,86312461832,299634237806
2022-09-02,ZHZ50LXC,0,164039728,12,0,60885613,23351,12,0,0,27,2,9897,27,164039728,0,0,0,21681,86366627392,301737532718
2022-09-03,ZHZ50LXC,0,44777944,12,0,65981880,23366,12,0,0,27,2,9897,27,44777944,0,0,0,21696,86396271752,302809330030
2022-09-04,ZHZ50LXC,0,53143760,12,0,76546027,23398,12,0,0,26,2,9899,26,53143760,0,0,0,21727,86467896904,304699196502
2022-09-05,ZHZ50LXC,0,240577184,12,0,79387053,23414,12,0,0,26,2,9899,26,240577184,0,0,0,21743,86505634208,305093033502
2022-09-06,ZHZ50LXC,0,199820696,12,0,85091968,23445,12,0,0,26,2,9901,26,199820696,0,0,0,21774,86577703744,305224348110
2022-09-07,ZHZ50LXC,0,178081120,12,0,89061140,23461,12,0,0,27,2,9901,27,178081120,0,0,0,21790,86617952504,305894781846
2022-09-08,ZHZ50LXC,0,38849848,12,0,96750874,23492,12,0,0,27,2,9903,27,38849848,0,0,0,21821,86694455280,307876316438
2022-09-09,ZHZ50LXC,0,27784696,12,0,104478630,23524,12,0,0,27,2,9904,27,27784696,0,0,0,21853,86775714896,309981258110
2022-09-10,ZHZ50LXC,0,210973272,12,0,109466175,23539,12,0,0,27,2,9905,27,210973272,0,0,0,21868,86801633640,311115090934
2022-09-11,ZHZ50LXC,0,160891392,12,0,117190857,23571,12,0,0,27,2,9906,27,160891392,0,0,0,21900,86864760072,313443291814
2022-09-12,ZHZ50LXC,0,37842808,12,0,119036338,23587,12,0,0,26,2,9907,26,37842808,0,0,0,21915,86889971384,313539172710
2022-09-13,ZHZ50LXC,0,178804914,12,0,124022803,23617,12,0,0,26,2,9912,26,178804914,0,0,0,21945,86950632064,315328466922
2022-09-14,ZHZ50LXC,0,196341834,16,0,126900398,23635,16,0,0,26,4,9916,26,196341834,0,0,0,21963,86977271824,316295927068
2022-09-15,ZHZ50LXC,0,83488392,16,0,133818789,23667,16,0,0,27,4,9917,27,83488392,0,0,0,21994,87017975824,318827918676
2022-09-16,ZHZ50LXC,0,114397672,16,0,144308447,23682,16,0,0,27,4,9918,27,114397672,0,0,0,22010,87039279448,323232058540
2022-09-17,ZHZ50LXC,0,169148464,16,0,165614096,23714,16,0,0,27,4,9919,27,169148464,0,0,0,22041,87081376848,329348231500
2022-09-18,ZHZ50LXC,0,158731696,16,0,176826754,23730,16,0,0,27,4,9920,27,158731696,0,0,0,22057,87096916376,332496104908
2022-09-19,ZHZ50LXC,0,91081224,16,0,198717088,23761,16,0,0,28,4,9921,28,91081224,0,0,0,22088,87113861336,338026747556
2022-09-20,ZHZ50LXC,0,93119608,16,0,207543509,23777,16,0,0,26,4,9921,26,93119608,0,0,0,22104,87152385944,339943387604
2022-09-21,ZHZ50LXC,0,122755048,16,0,215067213,23808,16,0,0,26,4,9923,26,122755048,0,0,0,22135,87235349400,340134200220
2022-09-22,ZHZ50LXC,0,100018640,16,0,218566658,23824,16,0,0,26,4,9924,26,100018640,0,0,0,22151,87268647704,341054728420
2022-09-23,ZHZ50LXC,0,59531008,16,0,226630617,23855,16,0,0,27,4,9925,27,59531008,0,0,0,22182,87347392248,343132762668
2022-09-24,ZHZ50LXC,0,7375816,16,0,231941216,23871,16,0,0,27,4,9925,27,7375816,0,0,0,22198,87374748600,344273955020
2022-09-25,ZHZ50LXC,0,90933280,16,0,236405555,23902,16,0,0,25,4,9927,25,90933280,0,0,0,22229,87440423808,344780118740
2022-09-26,ZHZ50LXC,0,29108488,16,0,240146176,23918,16,0,0,25,4,9927,25,29108488,0,0,0,22245,87476509992,344926348396
2022-09-27,ZHZ50LXC,0,232157672,16,0,245587551,23949,16,0,0,25,4,9929,25,232157672,0,0,0,22276,87536083560,345313965004
2022-09-28,ZHZ50LXC,0,19828056,16,0,248027061,23965,16,0,0,25,4,9929,25,19828056,0,0,0,22291,87566029552,345559971228
2022-09-29,ZHZ50LXC,0,94656888,16,0,251553599,23997,16,0,0,25,4,9931,25,94656888,0,0,0,22323,87626911152,346062199724
2022-09-30,ZHZ50LXC,0,47271280,16,0,256969137,24028,16,0,0,26,4,9932,26,47271280,0,0,0,22354,87694781904,346435224708
2022-10-01,ZHZ50LXC,0,74265920,16,0,259829042,24044,16,0,0,25,4,9933,25,74265920,0,0,0,22370,87725006520,346676135364
2022-10-02,ZHZ50LXC,0,94736144,16,0,263597381,24075,16,0,0,26,4,9934,26,94736144,0,0,0,22401,87797574128,347112319428
2022-10-03,ZHZ50LXC,0,3107920,16,0,267639679,24091,16,0,0,25,4,9935,25,3107920,0,0,0,22417,87832944048,347229461964
2022-10-04,ZHZ50LXC,0,181405928,16,0,271727818,24122,16,0,0,26,4,9936,26,181405928,0,0,0,22448,87911829776,347573015020
2022-10-05,ZHZ50LXC,0,153023216,16,0,273440708,24138,16,0,0,25,4,9937,25,153023216,0,0,0,22463,87944265320,347756338988
2022-10-06,ZHZ50LXC,0,139446560,16,0,275363147,24154,16,0,0,25,4,9937,25,139446560,0,0,0,22479,87981291592,347949876780
2022-10-07,ZHZ50LXC,0,211451032,16,0,278827777,24185,16,0,0,25,4,9939,25,211451032,0,0,0,22510,88030448176,348461006292
2022-10-08,ZHZ50LXC,0,216865328,16,0,283310133,24201,16,0,0,26,4,9939,26,216865328,0,0,0,22526,88058969504,348682039940
2022-10-09,ZHZ50LXC,0,97932656,16,0,290839829,24232,16,0,0,26,4,9941,26,97932656,0,0,0,22558,88119204208,349235294748
2022-10-10,ZHZ50LXC,0,169622048,16,0,296919160,24264,16,0,0,26,4,9942,26,169622048,0,0,0,22589,88169604984,349500724124
2022-10-11,ZHZ50LXC,0,130884784,16,0,298604675,24279,16,0,0,25,4,9943,25,130884784,0,0,0,22604,88173041712,349702690916
2022-10-12,ZHZ50LXC,0,123788264,16,0,301763543,24311,16,0,0,26,4,9944,26,123788264,0,0,0,22635,88225879592,350131037956
2022-10-13,ZHZ50LXC,0,240356488,16,0,303090231,24327,16,0,0,26,4,9945,26,240356488,0,0,0,22651,88242415296,350231070476
2022-10-14,ZHZ50LXC,0,116623224,16,0,307094773,24358,16,0,0,26,4,9946,26,116623224,0,0,0,22683,88300401264,350537632916
2022-10-15,ZHZ50LXC,0,128594696,16,0,310817277,24374,16,0,0,26,4,9947,26,128594696,0,0,0,22698,88337792224,350756354260
2022-10-16,ZHZ50LXC,0,136481928,16,0,314156173,24405,16,0,0,26,4,9948,26,136481928,0,0,0,22730,88408574872,351181740204
2022-10-17,ZHZ50LXC,0,81072784,16,0,317429069,24421,16,0,0,26,4,9948,26,81072784,0,0,0,22745,88445944088,351333102476
2022-10-18,ZHZ50LXC,0,243431312,16,0,321996815,24452,16,0,0,26,4,9950,26,243431312,0,0,0,22776,88497346016,351688199708
2022-10-19,ZHZ50LXC,0,23620424,16,0,323920296,24468,16,0,0,27,4,9950,27,23620424,0,0,0,22792,88538336256,351915680732
2022-10-20,ZHZ50LXC,0,73902984,16,0,327460901,24499,16,0,0,27,4,9952,27,73902984,0,0,0,22823,88607557152,352385027860
2022-10-21,ZHZ50LXC,0,18340440,16,0,329198986,24515,16,0,0,26,4,9952,26,18340440,0,0,0,22839,88645277008,352535886124
2022-10-22,ZHZ50LXC,0,53215224,16,0,336107302,24546,16,0,0,29,4,9954,29,53215224,0,0,0,22870,88716909736,352987409444
2022-10-23,ZHZ50LXC,0,41234544,16,0,337945736,24562,16,0,0,29,4,9954,29,41234544,0,0,0,22886,88751559960,353184919172
2022-10-24,ZHZ50LXC,0,161206056,16,0,343604934,24594,16,0,0,30,4,9956,30,161206056,0,0,0,22917,88816954016,353483637420
2022-10-25,ZHZ50LXC,0,146979488,16,0,346250720,24609,16,0,0,29,4,9956,29,146979488,0,0,0,22933,88852622624,353677882996
2022-10-26,ZHZ50LXC,0,97164504,16,0,349942351,24641,16,0,0,29,4,9958,29,97164504,0,0,0,22964,88921763672,354047208796
2022-10-27,ZHZ50LXC,0,171102264,16,0,354148203,24672,16,0,0,30,4,9959,30,171102264,0,0,0,22995,89003828712,354527362996
2022-10-28,ZHZ50LXC,0,154458504,16,0,356024405,24688,16,0,0,29,4,9960,29,154458504,0,0,0,23011,89038559080,354720129532
2022-10-29,ZHZ50LXC,0,4274488,16,0,363140548,24719,16,0,0,30,4,9961,30,4274488,0,0,0,23043,89113401592,355227525084
2022-10-30,ZHZ50LXC,0,223178816,16,0,365077011,24735,16,0,0,29,4,9962,29,223178816,0,0,0,23058,89148748112,355411082892
2022-10-31,ZHZ50LXC,0,115300824,16,0,371133223,24767,16,0,0,29,4,9963,29,115300824,0,0,0,23090,89210841344,355729392932
2022-11-01,ZHZ50LXC,0,86918816,16,0,372968553,24782,16,0,0,30,4,9963,30,86918816,0,0,0,23105,89246821896,355909171140
2022-11-02,ZHZ50LXC,0,62436768,16,0,376534644,24814,16,0,0,29,4,9965,29,62436768,0,0,0,23137,89310585808,356309206724
2022-11-03,ZHZ50LXC,0,228223848,16,0,378170348,24829,16,0,0,29,4,9965,29,228223848,0,0,0,23152,89340897288,356444682324
2022-11-04,ZHZ50LXC,0,56317840,16,0,382270846,24860,16,0,0,30,4,9967,30,56317840,0,0,0,23183,89399539392,356946557340
2022-11-05,ZHZ50LXC,0,92899200,16,0,386677586,24876,16,0,0,29,4,9967,29,92899200,0,0,0,23199,89434720000,357192100620
2022-11-06,ZHZ50LXC,0,110851896,16,0,390201090,24907,16,0,0,29,4,9969,29,110851896,0,0,0,23230,89484970320,357648084412
2022-11-07,ZHZ50LXC,0,72526200,16,0,393159786,24923,16,0,0,29,4,9969,29,72526200,0,0,0,23245,89514016048,357824853620
2022-11-08,ZHZ50LXC,0,220344,16,0,398166009,24954,16,0,0,29,4,9971,29,220344,0,0,0,23276,89565037112,358189808132
2022-11-09,ZHZ50LXC,0,225781072,16,0,401783417,24985,16,0,0,30,4,9972,30,225781072,0,0,0,23307,89623732608,358600813996
2022-11-10,ZHZ50LXC,0,210077432,16,0,403617101,25000,16,0,0,29,4,9973,29,210077432,0,0,0,23322,89653272312,358799711284
2022-11-11,ZHZ50LXC,0,239778864,16,0,408281692,25032,16,0,0,32,4,9974,32,239778864,0,0,0,23354,89703436088,359267530364
2022-11-12,ZHZ50LXC,0,229632696,16,0,411949872,25047,16,0,0,31,4,9975,31,229632696,0,0,0,23369,89742028016,359462932996
2022-11-13,ZHZ50LXC,0,47610960,16,0,418777953,25078,16,0,0,31,4,9976,31,47610960,0,0,0,23400,89807361616,359947999596
2022-11-14,ZHZ50LXC,0,206934200,16,0,421449031,25094,16,0,0,31,4,9977,31,206934200,0,0,0,23415,89838855224,360075829228
2022-11-15,ZHZ50LXC,0,101678184,16,0,426506188,25125,16,0,0,32,4,9978,32,101678184,0,0,0,23447,89899357704,360398352084
2022-11-16,ZHZ50LXC,0,131440720,16,0,428316521,25141,16,0,0,31,4,9978,31,131440720,0,0,0,23462,89936289056,360635324068
2022-11-17,ZHZ50LXC,0,243845728,16,0,433682889,25171,16,0,0,33,4,9980,33,243845728,0,0,0,23493,89997286992,360930871860
2022-11-18,ZHZ50LXC,0,176360576,16,0,437186135,25187,16,0,0,34,4,9980,34,176360576,0,0,0,23508,90030190712,361074623620
2022-11-19,ZHZ50LXC,0,13456896,16,0,445509716,25218,16,0,0,31,4,9982,31,13456896,0,0,0,23539,90098045944,361332146108
2022-11-20,ZHZ50LXC,0,207281296,16,0,449048169,25249,16,0,0,32,4,9983,32,207281296,0,0,0,23570,90169622776,361698534308
2022-11-21,ZHZ50LXC,0,96664000,16,0,452943747,25265,16,0,0,31,4,9984,31,96664000,0,0,0,23585,90195992800,361805687620
2022-11-22,ZHZ50LXC,0,239009024,16,0,456311409,25296,16,0,0,32,4,9985,32,239009024,0,0,0,23616,90249547264,362138618916
2022-11-23,ZHZ50LXC,0,232794344,16,0,458027779,25311,16,0,0,31,4,9986,31,232794344,0,0,0,23632,90285504088,362340588148
2022-11-24,ZHZ50LXC,0,149384000,16,0,460962629,25342,16,0,0,31,4,9987,31,149384000,0,0,0,23663,90327586480,362703376806
2022-11-25,ZHZ50LXC,0,174116184,16,0,462787059,25358,16,0,0,32,4,9987,32,174116184,0,0,0,23678,90361351080,362938485438
2022-11-26,ZHZ50LXC,0,200992328,16,0,469176660,25389,16,0,0,31,4,9989,31,200992328,0,0,0,23709,90409072384,363405921782
2022-11-27,ZHZ50LXC,0,186752816,16,0,472373063,25420,16,0,0,32,4,9990,32,186752816,0,0,0,23740,90465769624,363823266398
2022-11-28,ZHZ50LXC,0,49709504,16,0,476552501,25436,16,0,0,31,4,9991,31,49709504,0,0,0,23756,90485415512,363910717838
2022-11-29,ZHZ50LXC,0,43585744,16,0,479762144,25467,16,0,0,32,4,9992,32,43585744,0,0,0,23787,90540021744,364338269478
2022-11-30,ZHZ50LXC,0,27570664,16,0,481318981,25482,16,0,0,31,4,9993,31,27570664,0,0,0,23802,90571257456,364535159318
2022-12-01,ZHZ50LXC,0,201886672,16,0,484453515,25514,16,0,0,34,4,9994,34,201886672,0,0,0,23833,90627403568,364897469846
2022-12-02,ZHZ50LXC,0,207919184,16,0,486148351,25529,16,0,0,32,4,9995,32,207919184,0,0,0,23849,90656901528,365118145030
2022-12-03,ZHZ50LXC,0,16481912,16,0,492849556,25560,16,0,0,33,4,9996,33,16481912,0,0,0,23880,90723198488,365592833238
2022-12-04,ZHZ50LXC,0,69415376,16,0,494821133,25576,16,0,0,32,4,9997,32,69415376,0,0,0,23895,90760814456,365852291478
2022-12-05,ZHZ50LXC,0,229295288,16,0,501005951,25607,16,0,0,32,4,9998,32,229295288,0,0,0,23926,90827781496,366189345006
2022-12-06,ZHZ50LXC,0,235830176,16,0,502708312,25622,16,0,0,32,4,9999,32,235830176,0,0,0,23942,90859153824,366408648222
2022-12-07,ZHZ50LXC,0,15229984,16,0,506228650,25654,16,0,0,32,4,10000,32,15229984,0,0,0,23972,90921171488,366858452414
2022-12-08,ZHZ50LXC,0,56320584,16,0,508129882,25669,16,0,0,32,4,10000,32,56320584,0,0,0,23988,90961682240,367103172918
2022-12-09,ZHZ50LXC,0,110665184,16,0,511913596,25700,16,0,0,32,4,10002,32,110665184,0,0,0,24019,91030346480,367577134870
2022-12-11,ZHZ50LXC,0,5634824,16,0,519608404,25747,16,0,0,31,4,10004,31,5634824,0,0,0,24066,91135575536,368343441182
2022-12-11,ZHZ50LXC,0,5634824,16,0,519608404,25747,16,0,0,31,4,10004,31,5634824,0,0,0,24066,91135575536,368343441182
2022-12-12,ZHZ50LXC,0,196746032,16,0,525809458,25778,16,0,0,33,4,10005,33,196746032,0,0,0,24097,91201803904,368712464790
2022-12-13,ZHZ50LXC,0,17581136,16,0,527482793,25794,16,0,0,32,4,10006,32,17581136,0,0,0,24112,91230843160,368992544798
2022-12-14,ZHZ50LXC,0,76387408,16,0,530755098,25825,16,0,0,32,4,10007,32,76387408,0,0,0,24143,91291354688,369479120950
2022-12-15,ZHZ50LXC,0,80653512,16,0,532566763,25841,16,0,0,32,4,10008,32,80653512,0,0,0,24159,91328362016,369690520574
2022-12-16,ZHZ50LXC,0,172670568,16,0,537276737,25872,16,0,0,32,4,10009,32,172670568,0,0,0,24190,91391146768,370208034206
2022-12-17,ZHZ50LXC,0,140212880,16,0,540524528,25888,16,0,0,31,4,10010,31,140212880,0,0,0,24206,91427906048,370382958078
2022-12-18,ZHZ50LXC,0,231441296,16,0,543068753,25919,16,0,0,31,4,10011,31,231441296,0,0,0,24238,91488613856,370657619350
2022-12-19,ZHZ50LXC,0,150792288,16,0,546974282,25935,16,0,0,33,4,10012,33,150792288,0,0,0,24253,91525839320,370783887686
2022-12-20,ZHZ50LXC,0,4662184,16,0,554158286,25967,16,0,0,32,4,10013,32,4662184,0,0,0,24285,91591100992,371060777262
2022-12-21,ZHZ50LXC,0,222776512,16,0,555754885,25982,16,0,0,31,4,10013,31,222776512,0,0,0,24300,91630673616,371239318966
2022-12-22,ZHZ50LXC,0,202015336,16,0,558971714,26014,16,0,0,31,4,10015,31,202015336,0,0,0,24332,91701232464,371636280510
2022-12-23,ZHZ50LXC,0,98743952,16,0,560406137,26030,16,0,0,30,4,10015,30,98743952,0,0,0,24347,91728879392,371749502918
2022-12-24,ZHZ50LXC,0,196268960,16,0,566420811,26061,16,0,0,30,4,10017,30,196268960,0,0,0,24378,91788470464,372031577486
2022-12-25,ZHZ50LXC,0,101112032,16,0,567881551,26077,16,0,0,31,4,10017,31,101112032,0,0,0,24394,91820515944,372148515838
2022-12-26,ZHZ50LXC,0,180724104,16,0,573251853,26108,16,0,0,30,4,10019,30,180724104,0,0,0,24425,91857471176,372435313598
2022-12-27,ZHZ50LXC,0,233075296,16,0,573849296,26124,16,0,0,30,4,10019,30,233075296,0,0,0,24441,91872736400,372472399566
2022-12-28,ZHZ50LXC,0,51704744,16,0,574866498,26155,16,0,0,29,4,10021,29,51704744,0,0,0,24472,91895572344,372512333702
2022-12-29,ZHZ50LXC,0,101200248,16,0,575543476,26171,16,0,0,29,4,10021,29,101200248,0,0,0,24488,91910980840,372546420710
2022-12-30,ZHZ50LXC,0,58001680,16,0,577104609,26202,16,0,0,31,4,10023,31,58001680,0,0,0,24519,91948331216,372710012566
2022-12-31,ZHZ50LXC,0,124470968,16,0,582219147,26218,16,0,0,31,4,10023,31,124470968,0,0,0,24535,91977873816,372991079998
