2022-01-01,S300YPSP,0,60714712,10,0,318774884,56612,10,2,0,0,0,0,33,0,55100,33,0,0,0,56226,67756389088,406170669096
2022-01-02,S300YPSP,0,6654968,10,0,319781070,56636,10,2,0,0,0,0,33,0,55100,33,0,0,0,56250,67771635696,406441560705
2022-01-03,S300YPSP,0,72260784,10,0,320597758,56660,10,2,0,0,0,0,33,0,55100,33,0,0,0,56274,67788322216,406669736207
2022-01-04,S300YPSP,0,181819360,10,0,322133091,56683,10,2,0,0,0,0,32,0,55100,32,0,0,0,56297,67803688040,406825980726
2022-01-05,S300YPSP,0,99713456,10,0,322866687,56707,10,2,0,0,0,0,31,0,55100,31,0,0,0,56321,67819723096,407001130249
2022-01-06,S300YPSP,0,109319704,10,0,323511424,56731,10,2,0,0,0,0,31,0,55100,31,0,0,0,56345,67837984752,407148420811
2022-01-07,S300YPSP,0,172728648,10,0,324301662,56755,10,2,0,0,0,0,29,0,55100,29,0,0,0,56369,67853861512,407350363154
2022-01-08,S300YPSP,0,160648888,10,0,326059933,56779,10,2,0,0,0,0,30,0,55100,30,0,0,0,56393,67871968456,407574314975
2022-01-09,S300YPSP,0,41063088,10,0,327339683,56803,10,2,0,0,0,0,30,0,55100,30,0,0,0,56417,67888745768,407837958370
2022-01-10,S300YPSP,0,33658168,10,0,328368958,56827,10,2,0,0,0,0,30,0,55100,30,0,0,0,56441,67904247896,408084755244
2022-01-11,S300YPSP,0,99368968,10,0,331111250,56851,10,2,0,0,0,0,31,0,55100,31,0,0,0,56465,67917756152,408190254529
2022-01-12,S300YPSP,0,166288072,10,0,332217172,56874,10,2,0,0,0,0,31,0,55100,31,0,0,0,56488,67931946952,408391544978
2022-01-13,S300YPSP,0,158850984,10,0,333073833,56898,10,2,0,0,0,0,30,0,55101,30,0,0,0,56512,67960702336,408581232912
2022-01-14,S300YPSP,0,114017984,10,0,334379027,56934,10,2,0,0,0,0,33,0,55103,33,0,0,0,56547,67994083448,408838771484
2022-01-15,S300YPSP,0,172417840,10,0,336349107,56957,10,2,0,0,0,0,33,0,55103,33,0,0,0,56571,68014955456,409068997343
2022-01-16,S300YPSP,0,238654232,10,0,337351478,56981,10,2,0,0,0,0,33,0,55103,33,0,0,0,56595,68034492432,409300094547
2022-01-17,S300YPSP,0,51519824,10,0,338738235,57005,10,2,0,0,0,0,33,0,55103,33,0,0,0,56619,68052669616,409445575923
2022-01-18,S300YPSP,0,5113792,10,0,339818775,57029,10,2,0,0,0,0,31,0,55103,31,0,0,0,56642,68074011048,409593840674
2022-01-19,S300YPSP,0,174290008,10,0,340634499,57052,10,2,0,0,0,0,31,0,55103,31,0,0,0,56666,68093038128,409760641647
2022-01-20,S300YPSP,0,166072096,10,0,341111776,57064,10,2,0,0,0,0,29,0,55103,29,0,0,0,56678,68101007160,409863405864
2022-01-21,S300YPSP,0,52075848,10,0,341992768,57088,10,2,0,0,0,0,29,0,55104,29,0,0,0,56702,68118875632,410024996714
2022-01-22,S300YPSP,0,142234744,10,0,343290532,57112,10,2,0,0,0,0,29,0,55104,29,0,0,0,56725,68138597032,410156465086
2022-01-23,S300YPSP,0,33693216,10,0,344789542,57135,10,2,0,0,0,0,29,0,55104,29,0,0,0,56749,68164401392,410310019533
2022-01-24,S300YPSP,0,17025712,10,0,345860424,57159,10,2,0,0,0,0,29,0,55104,29,0,0,0,56773,68195666536,410458813886
2022-01-25,S300YPSP,0,137934072,10,0,347344536,57183,10,2,0,0,0,0,29,0,55104,29,0,0,0,56797,68215583248,410555072632
2022-01-26,S300YPSP,0,142397408,10,0,348814467,57218,10,2,0,0,0,0,32,0,55105,32,0,0,0,56832,68244491840,410800617226
2022-01-27,S300YPSP,0,38503304,10,0,349838897,57242,10,2,0,0,0,0,32,0,55105,32,0,0,0,56856,68266804944,410998924008
2022-01-28,S300YPSP,0,80578064,10,0,350917074,57266,10,2,0,0,0,0,33,0,55105,33,0,0,0,56880,68288333112,411239289345
2022-01-29,S300YPSP,0,146881192,10,0,353768377,57290,10,2,0,0,0,0,33,0,55105,33,0,0,0,56903,68308717832,411487786738
2022-01-30,S300YPSP,0,195342624,10,0,355655236,57313,10,2,0,0,0,0,32,0,55105,32,0,0,0,56927,68326440784,411686119946
2022-01-31,S300YPSP,0,139022360,10,0,356939678,57337,10,2,0,0,0,0,31,0,55105,31,0,0,0,56951,68353724136,411843594329
2022-02-01,S300YPSP,0,182057296,10,0,358517813,57361,10,2,0,0,0,0,32,0,55105,32,0,0,0,56975,68373991912,412044374527
2022-02-02,S300YPSP,0,193179624,10,0,360086050,57385,10,2,0,0,0,0,32,0,55108,32,0,0,0,56999,68401488568,412375978538
2022-02-03,S300YPSP,0,74629696,10,0,362752575,57408,10,2,0,0,0,0,34,0,55108,34,0,0,0,57022,68422015624,412780388357
2022-02-04,S300YPSP,0,88393272,10,0,365002231,57432,10,2,0,0,0,0,32,0,55108,32,0,0,0,57046,68443864888,413106316381
2022-02-05,S300YPSP,0,158711368,10,0,368103942,57456,10,2,0,0,0,0,31,0,55108,31,0,0,0,57069,68461546608,413436965721
2022-02-06,S300YPSP,0,82519952,10,0,370280000,57479,10,2,0,0,0,0,32,0,55108,32,0,0,0,57093,68476940368,413740838361
2022-02-07,S300YPSP,0,35195584,10,0,372815812,57503,10,2,0,0,0,0,32,0,55108,32,0,0,0,57117,68498063792,414050622503
2022-02-08,S300YPSP,0,231742872,10,0,374663583,57527,10,2,0,0,0,0,31,0,55108,31,0,0,0,57140,68515158376,414202433786
2022-02-09,S300YPSP,0,202910264,10,0,376345337,57550,10,2,0,0,0,0,31,0,55109,31,0,0,0,57164,68532312624,414538625813
2022-02-10,S300YPSP,0,135377648,10,0,377487724,57574,10,2,0,0,0,0,31,0,55109,31,0,0,0,57188,68546927384,414791490662
2022-02-11,S300YPSP,0,73715616,10,0,378686946,57598,10,2,0,0,0,0,31,0,55109,31,0,0,0,57212,68561189696,415062440256
2022-02-12,S300YPSP,0,95984608,10,0,380823364,57621,10,2,0,0,0,0,31,0,55109,31,0,0,0,57235,68569767112,415377880784
2022-02-13,S300YPSP,0,133850232,10,0,382163282,57645,10,2,0,0,0,0,31,0,55109,31,0,0,0,57259,68581641520,415691514357
2022-02-14,S300YPSP,0,19042512,10,0,383241438,57669,10,2,0,0,0,0,31,0,55109,31,0,0,0,57282,68593469608,415994671720
2022-02-15,S300YPSP,0,97798152,10,0,384820081,57692,10,2,0,0,0,0,31,0,55109,31,0,0,0,57306,68605927312,416113826012
2022-02-16,S300YPSP,0,218153880,10,0,385820204,57716,10,2,0,0,0,0,29,0,55110,29,0,0,0,57330,68622195896,416341462888
2022-02-17,S300YPSP,0,158736392,10,0,386899043,57740,10,2,0,0,0,0,31,0,55110,31,0,0,0,57353,68635617184,416611870451
2022-02-18,S300YPSP,0,97030344,10,0,389154949,57763,10,2,0,0,0,0,32,0,55110,32,0,0,0,57377,68648496080,416818859814
2022-02-19,S300YPSP,0,204472,10,0,390651516,57787,10,2,0,0,0,0,30,0,55110,30,0,0,0,57401,68664039616,416963212987
2022-02-20,S300YPSP,0,201559936,10,0,391634366,57810,10,2,0,0,0,0,30,0,55110,30,0,0,0,57424,68675636768,417191308575
2022-02-21,S300YPSP,0,206348048,10,0,392498849,57834,10,2,0,0,0,0,30,0,55111,30,0,0,0,57448,68687648752,417383253629
2022-02-22,S300YPSP,0,79577464,10,0,394008008,57858,10,2,0,0,0,0,30,0,55111,30,0,0,0,57472,68697796688,417480452781
2022-02-23,S300YPSP,0,101536464,10,0,395015887,57881,10,2,0,0,0,0,31,0,55111,31,0,0,0,57495,68709523888,417717643795
2022-02-24,S300YPSP,0,68207504,10,0,396190165,57905,10,2,0,0,0,0,30,0,55111,30,0,0,0,57519,68722882272,417987309477
2022-02-25,S300YPSP,0,189085296,10,0,397198139,57929,10,2,0,0,0,0,31,0,55111,31,0,0,0,57543,68736501160,418195141245
2022-02-26,S300YPSP,0,230531880,10,0,398847561,57953,10,2,0,0,0,0,32,0,55111,32,0,0,0,57567,68754498000,418426888914
2022-02-27,S300YPSP,0,31820208,10,0,400678425,57988,10,2,0,0,0,0,32,0,55111,32,0,0,0,57602,68787001424,418767438236
2022-02-28,S300YPSP,0,232342776,10,0,402000636,58012,10,2,0,0,0,0,33,0,55111,33,0,0,0,57626,68802029848,418912555267
2022-03-01,S300YPSP,0,72231024,10,0,403080104,58036,10,2,0,0,0,0,32,0,55111,32,0,0,0,57650,68815917592,419055766673
2022-03-02,S300YPSP,0,122244792,10,0,404080044,58060,10,2,0,0,0,0,31,0,55111,31,0,0,0,57673,68829603256,419249868710
2022-03-03,S300YPSP,0,175186880,10,0,404870244,58083,10,2,0,0,0,0,31,0,55113,31,0,0,0,57697,68835051528,419399464537
2022-03-04,S300YPSP,0,178061432,10,0,406429293,58107,10,2,0,0,0,0,30,0,55113,30,0,0,0,57721,68842451712,419566215540
2022-03-05,S300YPSP,0,74158384,10,0,408763075,58131,10,2,0,0,0,0,29,0,55113,29,0,0,0,57745,68850155960,419744681038
2022-03-06,S300YPSP,0,100837104,10,0,409662989,58155,10,2,0,0,0,0,30,0,55113,30,0,0,0,57768,68861437776,419908489072
2022-03-07,S300YPSP,0,42641016,10,0,410748166,58178,10,2,0,0,0,0,30,0,55113,30,0,0,0,57792,68868635136,420058127916
2022-03-08,S300YPSP,0,149558080,10,0,412191000,58202,10,2,0,0,0,0,30,0,55113,30,0,0,0,57816,68878386072,420239230231
2022-03-09,S300YPSP,0,26694424,10,0,413202756,58226,10,2,0,0,0,0,30,0,55113,30,0,0,0,57840,68891665672,420488943394
2022-03-10,S300YPSP,0,158313672,10,0,414115486,58250,10,2,0,0,0,0,30,0,55113,30,0,0,0,57863,68899228088,420693366273
2022-03-11,S300YPSP,0,203314208,10,0,415133713,58273,10,2,0,0,0,0,30,0,55113,30,0,0,0,57887,68905993304,420900880945
2022-03-12,S300YPSP,0,127746288,10,0,417144023,58297,10,2,0,0,0,0,30,0,55113,30,0,0,0,57911,68915710480,421142222827
2022-03-13,S300YPSP,0,98127192,10,0,418269717,58321,10,2,0,0,0,0,30,0,55113,30,0,0,0,57935,68924625016,421414034509
2022-03-14,S300YPSP,0,206214384,10,0,420276577,58345,10,2,0,0,0,0,30,0,55113,30,0,0,0,57958,68934103168,421783698026
2022-03-15,S300YPSP,0,205477920,10,0,422315470,58369,10,2,0,0,0,0,30,0,55113,30,0,0,0,57982,68942765920,422005029036
2022-03-16,S300YPSP,0,157639216,10,0,424710627,58392,10,2,0,0,0,0,30,0,55113,30,0,0,0,58006,68952489216,422360305808
2022-03-17,S300YPSP,0,86702168,10,0,426617760,58416,10,2,0,0,0,0,30,0,55115,30,0,0,0,58030,68963155600,422654967715
2022-03-18,S300YPSP,0,193648584,10,0,429737810,58440,10,2,0,0,0,0,29,0,55115,29,0,0,0,58054,68972674680,422953378800
2022-03-19,S300YPSP,0,59903408,10,0,433051739,58464,10,2,0,0,0,0,29,0,55115,29,0,0,0,58077,68984381592,423296830652
2022-03-20,S300YPSP,0,104660192,10,0,435202682,58487,10,2,0,0,0,0,29,0,55115,29,0,0,0,58101,68994568144,423647583978
2022-03-21,S300YPSP,0,12398768,10,0,436545633,58511,10,2,0,0,0,0,29,0,55115,29,0,0,0,58125,69005527176,423965581209
2022-03-22,S300YPSP,0,116219408,10,0,438204502,58535,10,2,0,0,0,0,29,0,55115,29,0,0,0,58149,69018319208,424144281967
2022-03-23,S300YPSP,0,100991776,10,0,439224270,58558,10,2,0,0,0,0,29,0,55117,29,0,0,0,58172,69028425944,424369169228
2022-03-24,S300YPSP,0,242890872,10,0,440394926,58582,10,2,0,0,0,0,29,0,55117,29,0,0,0,58196,69039868184,424653727245
2022-03-25,S300YPSP,0,96141208,10,0,441468684,58606,10,2,0,0,0,0,29,0,55117,29,0,0,0,58220,69050062328,424947251718
2022-03-26,S300YPSP,0,52513744,10,0,443348840,58630,10,2,0,0,0,0,29,0,55117,29,0,0,0,58244,69060621384,425250858463
2022-03-27,S300YPSP,0,202101584,10,0,444549420,58653,10,2,0,0,0,0,29,0,55117,29,0,0,0,58267,69074259408,425495078177
2022-03-28,S300YPSP,0,189178312,10,0,445530426,58677,10,2,0,0,0,0,29,0,55117,29,0,0,0,58291,69085977880,425721291743
2022-03-29,S300YPSP,0,67641688,10,0,446986194,58701,10,2,0,0,0,0,28,0,55117,28,0,0,0,58315,69097623048,425821724527
2022-03-30,S300YPSP,0,29738896,10,0,447734241,58725,10,2,0,0,0,0,28,0,55118,28,0,0,0,58338,69110180520,425971305766
2022-03-31,S300YPSP,0,129629560,10,0,448693511,58749,10,2,0,0,0,0,29,0,55118,29,0,0,0,58362,69124578408,426173630555
2022-04-01,S300YPSP,0,178817048,10,0,449766665,58772,10,2,0,0,0,0,29,0,55118,29,0,0,0,58386,69147228472,426418275222
2022-04-02,S300YPSP,0,144435320,10,0,451711070,58796,10,2,0,0,0,0,29,0,55118,29,0,0,0,58410,69173752520,426691068677
2022-04-03,S300YPSP,0,161431656,10,0,453141403,58820,10,2,0,0,0,0,29,0,55118,29,0,0,0,58434,69193775160,426955802397
2022-04-04,S300YPSP,0,126421360,10,0,455428846,58844,10,2,0,0,0,0,29,0,55118,29,0,0,0,58458,69217315632,427201581593
2022-04-05,S300YPSP,0,175849096,10,0,457270463,58868,10,2,0,0,0,0,29,0,55118,29,0,0,0,58481,69234572864,427283996590
2022-04-06,S300YPSP,0,244038976,10,0,458180971,58891,10,2,0,0,0,0,29,0,55120,29,0,0,0,58505,69249734136,427445938310
2022-04-07,S300YPSP,0,50154464,10,0,459216968,58915,10,2,0,0,0,0,30,0,55120,30,0,0,0,58529,69268585904,427673730837
2022-04-08,S300YPSP,0,116737960,10,0,460221672,58939,10,2,0,0,0,0,29,0,55120,29,0,0,0,58552,69284598232,427908397121
2022-04-09,S300YPSP,0,50587624,10,0,461915694,58962,10,2,0,0,0,0,29,0,55120,29,0,0,0,58576,69300944584,428106903074
2022-04-10,S300YPSP,0,92891072,10,0,463090479,58986,10,2,0,0,0,0,29,0,55120,29,0,0,0,58600,69328445872,428292581241
2022-04-11,S300YPSP,0,225930400,10,0,464172636,59010,10,2,0,0,0,0,30,0,55120,30,0,0,0,58623,69356134576,428485856813
2022-04-12,S300YPSP,0,8070592,10,0,465720238,59034,10,2,0,0,0,0,30,0,55120,30,0,0,0,58647,69370107728,428575964372
2022-04-13,S300YPSP,0,32087720,10,0,466428158,59057,10,2,0,0,0,0,30,0,55120,30,0,0,0,58671,69386376592,428687217306
2022-04-14,S300YPSP,0,59830736,10,0,467357933,59081,10,2,0,0,0,0,31,0,55121,31,0,0,0,58695,69400277720,428858433979
2022-04-15,S300YPSP,0,154081032,10,0,468350079,59104,10,2,0,0,0,0,30,0,55121,30,0,0,0,58718,69416072440,429026422349
2022-04-16,S300YPSP,0,199863840,10,0,470025390,59128,10,2,0,0,0,0,30,0,55121,30,0,0,0,58742,69436223624,429246026085
2022-04-17,S300YPSP,0,235312520,10,0,471565710,59152,10,2,0,0,0,0,30,0,55121,30,0,0,0,58765,69453363656,429494105298
2022-04-18,S300YPSP,0,235236800,10,0,473473533,59187,10,2,0,0,0,0,29,0,55121,29,0,0,0,58801,69474371696,429771588201
2022-04-19,S300YPSP,0,124465248,10,0,474708809,59211,10,2,0,0,0,0,29,0,55121,29,0,0,0,58825,69492035376,429942230362
2022-04-20,S300YPSP,0,16605144,10,0,475164901,59223,10,2,0,0,0,0,30,0,55121,30,0,0,0,58837,69498941848,430037738962
2022-04-21,S300YPSP,0,10304016,10,0,476052068,59247,10,2,0,0,0,0,31,0,55122,31,0,0,0,58860,69507824816,430222087851
2022-04-22,S300YPSP,0,154209848,10,0,477073010,59270,10,2,0,0,0,0,31,0,55122,31,0,0,0,58884,69517118056,430429498540
2022-04-23,S300YPSP,0,149033624,10,0,478563692,59294,10,2,0,0,0,0,30,0,55122,30,0,0,0,58908,69525715464,430686174626
2022-04-24,S300YPSP,0,74278192,10,0,481222772,59318,10,2,0,0,0,0,31,0,55122,31,0,0,0,58932,69538491856,431117682417
2022-04-25,S300YPSP,0,8580808,10,0,483813765,59342,10,2,0,0,0,0,33,0,55122,33,0,0,0,58955,69551025088,431488278491
2022-04-26,S300YPSP,0,29751320,10,0,485714081,59365,10,2,0,0,0,0,32,0,55122,32,0,0,0,58979,69562800456,431655001782
2022-04-27,S300YPSP,0,154126784,10,0,490028593,59401,10,2,0,0,0,0,30,0,55123,30,0,0,0,59014,69585636328,432079516140
2022-04-28,S300YPSP,0,236217504,10,0,491917478,59424,10,2,0,0,0,0,31,0,55123,31,0,0,0,59038,69601215712,432368046040
2022-04-29,S300YPSP,0,174725648,10,0,494360995,59448,10,2,0,0,0,0,31,0,55123,31,0,0,0,59062,69621090408,432691645310
2022-04-30,S300YPSP,0,226923232,10,0,497194907,59472,10,2,0,0,0,0,31,0,55123,31,0,0,0,59086,69635207168,433063330002
2022-05-01,S300YPSP,0,695264,10,0,498496354,59495,10,2,0,0,0,0,31,0,55123,31,0,0,0,59109,69648841152,433393875425
2022-05-02,S300YPSP,0,212480,10,0,499737146,59519,10,2,0,0,0,0,31,0,55123,31,0,0,0,59133,69659462800,433624943945
2022-05-03,S300YPSP,0,58915680,10,0,500699711,59531,10,2,0,0,0,0,30,0,55123,30,0,0,0,59145,69667882264,433669457487
2022-05-04,S300YPSP,0,33124240,10,0,502552199,59567,10,2,0,0,0,0,31,0,55124,31,0,0,0,59180,69687348184,434075780060
2022-05-05,S300YPSP,0,229629752,10,0,503510230,59590,10,2,0,0,0,0,31,0,55124,31,0,0,0,59204,69701601144,434310393263
2022-05-06,S300YPSP,0,233515080,10,0,504534384,59616,10,2,0,0,0,0,32,0,55124,32,0,0,0,59230,69716145888,434573399880
2022-05-07,S300YPSP,0,50150152,10,0,506510123,59640,10,2,0,0,0,0,32,0,55124,32,0,0,0,59254,69732215280,434872174060
2022-05-08,S300YPSP,0,227400080,10,0,507488895,59664,10,2,0,0,0,0,32,0,55124,32,0,0,0,59277,69749226360,435045206593
2022-05-09,S300YPSP,0,56802232,10,0,508354065,59688,10,2,0,0,0,0,32,0,55124,32,0,0,0,59301,69769325632,435161533170
2022-05-10,S300YPSP,0,207048320,10,0,509658874,59712,10,2,0,0,0,0,31,0,55124,31,0,0,0,59325,69787295144,435264788489
2022-05-11,S300YPSP,0,209004584,10,0,510574141,59736,10,2,0,0,0,0,31,0,55124,31,0,0,0,59349,69807018840,435495306346
2022-05-12,S300YPSP,0,15949104,10,0,511714534,59759,10,2,0,0,0,0,31,0,55124,31,0,0,0,59373,69826745248,435732752716
2022-05-13,S300YPSP,0,216208616,10,0,512836812,59783,10,2,0,0,0,0,31,0,55124,31,0,0,0,59397,69842405280,435984914614
2022-05-14,S300YPSP,0,121573488,10,0,514882112,59807,10,2,0,0,0,0,31,0,55124,31,0,0,0,59421,69874511240,436207030696
2022-05-15,S300YPSP,0,175612488,10,0,515830852,59831,10,2,0,0,0,0,31,0,55124,31,0,0,0,59444,69889302976,436383738283
2022-05-16,S300YPSP,0,19057272,10,0,516900187,59855,10,2,0,0,0,0,31,0,55124,31,0,0,0,59468,69904566720,436611015592
2022-05-17,S300YPSP,0,212202848,10,0,518220479,59879,10,2,0,0,0,0,31,0,55124,31,0,0,0,59492,69920405584,436682651834
2022-05-18,S300YPSP,0,197529000,10,0,520382180,59902,10,2,0,0,0,0,31,0,55126,31,0,0,0,59516,69941438096,436887278144
2022-05-19,S300YPSP,0,219050032,10,0,521319177,59926,10,2,0,0,0,0,31,0,55126,31,0,0,0,59539,69957493088,437067834270
2022-05-20,S300YPSP,0,34056008,10,0,522209532,59950,10,2,0,0,0,0,31,0,55126,31,0,0,0,59563,69974262328,437243722917
2022-05-21,S300YPSP,0,187581272,10,0,524132420,59973,10,2,0,0,0,0,31,0,55126,31,0,0,0,59587,69998340504,437456565394
2022-05-22,S300YPSP,0,78434080,10,0,525080876,59997,10,2,0,0,0,0,31,0,55126,31,0,0,0,59610,70012027368,437574142363
2022-05-23,S300YPSP,0,204690616,10,0,525892652,60021,10,2,0,0,0,0,31,0,55126,31,0,0,0,59634,70024591136,437702385377
2022-05-24,S300YPSP,0,30860248,10,0,527496194,60044,10,2,0,0,0,0,31,0,55126,31,0,0,0,59658,70039885456,437803619705
2022-05-25,S300YPSP,0,184014480,10,0,528452567,60068,10,2,0,0,0,0,31,0,55126,31,0,0,0,59682,70054841176,437978266456
2022-05-26,S300YPSP,0,20871256,10,0,529396430,60092,10,2,0,0,0,0,31,0,55127,31,0,0,0,59705,70070305440,438171812996
2022-05-27,S300YPSP,0,94774648,10,0,530589428,60116,10,2,0,0,0,0,31,0,55127,31,0,0,0,59729,70087745032,438407320535
2022-05-28,S300YPSP,0,18541640,10,0,532562835,60139,10,2,0,0,0,0,31,0,55127,31,0,0,0,59753,70107292808,438634010042
2022-05-29,S300YPSP,0,95374912,10,0,533822822,60163,10,2,0,0,0,0,31,0,55127,31,0,0,0,59776,70119026984,438847919985
2022-05-30,S300YPSP,0,59877720,10,0,534771809,60187,10,2,0,0,0,0,31,0,55127,31,0,0,0,59800,70131739328,439053719744
2022-05-31,S300YPSP,0,197780400,10,0,536488041,60210,10,2,0,0,0,0,31,0,55127,31,0,0,0,59824,70142210008,439185443654
2022-06-01,S300YPSP,0,156108552,10,0,537441237,60234,10,2,0,0,0,0,31,0,55127,31,0,0,0,59848,70157376816,439374227711
2022-06-02,S300YPSP,0,181298600,10,0,538401778,60258,10,2,0,0,0,0,31,0,55127,31,0,0,0,59871,70174155632,439559772797
2022-06-03,S300YPSP,0,48459248,10,0,539404598,60282,10,2,0,0,0,0,31,0,55128,31,0,0,0,59895,70197154160,439743674302
2022-06-04,S300YPSP,0,57952048,10,0,542779908,60306,10,2,0,0,0,0,31,0,55128,31,0,0,0,59919,70218430232,440134079848
2022-06-05,S300YPSP,0,185087344,10,0,546256810,60329,10,2,0,0,0,0,31,0,55128,31,0,0,0,59943,70240375144,440558538102
2022-06-06,S300YPSP,0,58283464,10,0,548381174,60353,10,2,0,0,0,0,31,0,55128,31,0,0,0,59967,70255561664,440874704679
2022-06-07,S300YPSP,0,107326744,10,0,550371142,60377,10,2,0,0,0,0,31,0,55128,31,0,0,0,59991,70268781752,441036514223
2022-06-08,S300YPSP,0,48166168,10,0,552218173,60401,10,2,0,0,0,0,31,0,55128,31,0,0,0,60014,70280939120,441322554231
2022-06-09,S300YPSP,0,240603296,10,0,554026772,60425,10,2,0,0,0,0,32,0,55129,32,0,0,0,60038,70297005232,441596190452
2022-06-10,S300YPSP,0,233507688,10,0,556398117,60448,10,2,0,0,0,0,31,0,55129,31,0,0,0,60062,70311489888,441919498327
2022-06-11,S300YPSP,0,91444336,10,0,558521774,60472,10,2,0,0,0,0,31,0,55129,31,0,0,0,60086,70331841360,442282124017
2022-06-12,S300YPSP,0,235432768,10,0,560452104,60496,10,2,0,0,0,0,32,0,55129,32,0,0,0,60109,70350267696,442575738442
2022-06-13,S300YPSP,0,165758328,10,0,561785148,60519,10,2,0,0,0,0,32,0,55129,32,0,0,0,60133,70360479992,442866712234
2022-06-14,S300YPSP,0,116900384,10,0,563406493,60543,10,2,0,0,0,0,31,0,55129,31,0,0,0,60157,70371411104,443002356924
2022-06-15,S300YPSP,0,234050328,10,0,565208065,60579,10,2,0,0,0,0,30,0,55129,30,0,0,0,60192,70394939256,443440764418
2022-06-16,S300YPSP,0,168007384,10,0,566114355,60602,10,2,0,0,0,0,30,0,55130,30,0,0,0,60216,70408382992,443633045538
2022-06-17,S300YPSP,0,201805232,10,0,567150725,60626,10,2,0,0,0,0,30,0,55130,30,0,0,0,60239,70423749592,443857640775
2022-06-18,S300YPSP,0,58215472,10,0,569111662,60650,10,2,0,0,0,0,30,0,55130,30,0,0,0,60263,70438534192,444111984738
2022-06-19,S300YPSP,0,185014552,10,0,571036617,60674,10,2,0,0,0,0,30,0,55130,30,0,0,0,60287,70454141104,444305193994
2022-06-20,S300YPSP,0,169702600,10,0,571926335,60697,10,2,0,0,0,0,30,0,55130,30,0,0,0,60311,70468562792,444430233453
2022-06-21,S300YPSP,0,43742944,10,0,573396510,60721,10,2,0,0,0,0,30,0,55130,30,0,0,0,60334,70483482088,444565566946
2022-06-22,S300YPSP,0,133011152,10,0,574416393,60745,10,2,0,0,0,0,31,0,55132,31,0,0,0,60358,70498692400,444774814040
2022-06-23,S300YPSP,0,148466816,10,0,575430201,60768,10,2,0,0,0,0,31,0,55132,31,0,0,0,60382,70513407176,444996268558
2022-06-24,S300YPSP,0,9175616,10,0,576495375,60792,10,2,0,0,0,0,31,0,55132,31,0,0,0,60405,70527616768,445239115887
2022-06-25,S300YPSP,0,226536112,10,0,578597129,60816,10,2,0,0,0,0,31,0,55132,31,0,0,0,60429,70541311376,445487268856
2022-06-26,S300YPSP,0,102097544,10,0,579887729,60840,10,2,0,0,0,0,30,0,55132,30,0,0,0,60453,70555874480,445670071364
2022-06-27,S300YPSP,0,213837896,10,0,581015836,60863,10,2,0,0,0,0,30,0,55132,30,0,0,0,60477,70569416576,445892134811
2022-06-28,S300YPSP,0,15151072,10,0,582588869,60887,10,2,0,0,0,0,31,0,55132,31,0,0,0,60500,70585380800,446036528467
2022-06-29,S300YPSP,0,156373016,10,0,583470702,60911,10,2,0,0,0,0,31,0,55134,31,0,0,0,60524,70599055288,446219705843
2022-06-30,S300YPSP,0,66847064,10,0,584373711,60935,10,2,0,0,0,0,30,0,55134,30,0,0,0,60548,70620537936,446383391205
2022-07-01,S300YPSP,0,23069360,10,0,586867890,60958,10,2,0,0,0,0,31,0,55134,31,0,0,0,60572,70669605368,446622363046
2022-07-02,S300YPSP,0,242627608,10,0,588719470,60982,10,2,0,0,0,0,30,0,55134,30,0,0,0,60595,70688285736,446772946384
2022-07-03,S300YPSP,0,58080560,10,0,589705115,61006,10,2,0,0,0,0,31,0,55134,31,0,0,0,60619,70704317880,446906515714
2022-07-04,S300YPSP,0,11687800,10,0,590726749,61029,10,2,0,0,0,0,31,0,55134,31,0,0,0,60643,70718928688,447068761868
2022-07-05,S300YPSP,0,75622952,10,0,592402137,61053,10,2,0,0,0,0,31,0,55134,31,0,0,0,60666,70733510064,447172365644
2022-07-06,S300YPSP,0,27042216,10,0,593494811,61077,10,2,0,0,0,0,31,0,55134,31,0,0,0,60690,70751106248,447414375699
2022-07-07,S300YPSP,0,196868800,10,0,594459241,61100,10,2,0,0,0,0,31,0,55135,31,0,0,0,60713,70766826832,447609747255
2022-07-08,S300YPSP,0,8596256,10,0,595550644,61124,10,2,0,0,0,0,31,0,55135,31,0,0,0,60737,70790020536,447809329174
2022-07-09,S300YPSP,0,212693680,10,0,597439132,61148,10,2,0,0,0,0,30,0,55135,30,0,0,0,60761,70809343248,448026030788
2022-07-10,S300YPSP,0,58267680,10,0,598595543,61171,10,2,0,0,0,0,31,0,55135,31,0,0,0,60785,70825015464,448238350857
2022-07-11,S300YPSP,0,207562992,10,0,599574358,61195,10,2,0,0,0,0,29,0,55135,29,0,0,0,60808,70844010280,448439193328
2022-07-12,S300YPSP,0,184151064,10,0,601313592,61219,10,2,0,0,0,0,30,0,55135,30,0,0,0,60832,70863735048,448570859679
2022-07-13,S300YPSP,0,166978728,10,0,602242068,61242,10,2,0,0,0,0,31,0,55135,31,0,0,0,60856,70881611288,448749912054
2022-07-14,S300YPSP,0,73476440,10,0,603211810,61266,10,2,0,0,0,0,31,0,55136,31,0,0,0,60879,70899095624,448934528453
2022-07-15,S300YPSP,0,240442760,10,0,605018601,61290,10,2,0,0,0,0,31,0,55136,31,0,0,0,60903,70914916696,449135980382
2022-07-16,S300YPSP,0,213232024,10,0,607087797,61314,10,2,0,0,0,0,31,0,55150,31,0,0,0,60927,70932045040,449430950922
2022-07-17,S300YPSP,0,152299216,10,0,609456685,61338,10,2,0,0,0,0,30,0,55150,30,0,0,0,60951,70951414688,449836326794
2022-07-18,S300YPSP,0,12107800,10,0,611849917,61362,10,2,0,0,0,0,31,0,55150,31,0,0,0,60974,70969128504,450182513446
2022-07-19,S300YPSP,0,25141632,10,0,613791237,61385,10,2,0,0,0,0,30,0,55150,30,0,0,0,60998,70984947288,450311348900
2022-07-20,S300YPSP,0,216598104,10,0,615684063,61409,10,2,0,0,0,0,31,0,55150,31,0,0,0,61022,71001620408,450603352862
2022-07-21,S300YPSP,0,199660624,10,0,617115749,61433,10,2,0,0,0,0,31,0,55152,31,0,0,0,61046,71015940376,450842595290
2022-07-22,S300YPSP,0,144587552,10,0,619544355,61456,10,2,0,0,0,0,31,0,55152,31,0,0,0,61069,71033917536,451166221879
2022-07-23,S300YPSP,0,133184000,10,0,621800847,61480,10,2,0,0,0,0,31,0,55152,31,0,0,0,61093,71055422752,451509404155
2022-07-24,S300YPSP,0,179759624,10,0,623964320,61504,10,2,0,0,0,0,31,0,55152,31,0,0,0,61117,71084686928,451865190367
2022-07-25,S300YPSP,0,155210712,10,0,625167861,61528,10,2,0,0,0,0,31,0,55152,31,0,0,0,61141,71120543544,452107808112
2022-07-26,S300YPSP,0,4825416,10,0,626839257,61551,10,2,0,0,0,0,31,0,55152,31,0,0,0,61164,71133548512,452237560285
2022-07-27,S300YPSP,0,82438488,10,0,628759636,61575,10,2,0,0,0,0,31,0,55152,31,0,0,0,61188,71149510856,452530615353
2022-07-28,S300YPSP,0,222163048,10,0,629723626,61599,10,2,0,0,0,0,32,0,55153,32,0,0,0,61212,71162071744,452754147758
2022-07-29,S300YPSP,0,77476520,10,0,630705551,61622,10,2,0,0,0,0,32,0,55153,32,0,0,0,61235,71177150264,453017545927
2022-07-30,S300YPSP,0,178390152,10,0,633391468,61658,10,2,0,0,0,0,31,0,55153,31,0,0,0,61271,71200925464,453397401141
2022-07-31,S300YPSP,0,74659560,10,0,634238192,61682,10,2,0,0,0,0,31,0,55153,31,0,0,0,61294,71214650440,453582119249
2022-08-01,S300YPSP,0,182666128,10,0,635078545,61705,10,2,0,0,0,0,31,0,55153,31,0,0,0,61318,71236981752,453673493146
2022-08-02,S300YPSP,0,156091088,10,0,636450690,61729,10,2,0,0,0,0,31,0,55153,31,0,0,0,61342,71251367576,453771505529
2022-08-03,S300YPSP,0,155871552,10,0,637503728,61753,10,2,0,0,0,0,31,0,55154,31,0,0,0,61365,71268032800,454005165385
2022-08-04,S300YPSP,0,115138968,10,0,638511081,61776,10,2,0,0,0,0,31,0,55154,31,0,0,0,61389,71286567704,454185534956
2022-08-05,S300YPSP,0,94458656,10,0,639541789,61800,10,2,0,0,0,0,30,0,55154,30,0,0,0,61413,71302805472,454405388957
2022-08-06,S300YPSP,0,1255128,10,0,641545720,61824,10,2,0,0,0,0,31,0,55154,31,0,0,0,61437,71318464360,454680551437
2022-08-07,S300YPSP,0,130443936,10,0,642698038,61848,10,2,0,0,0,0,30,0,55154,30,0,0,0,61460,71336585264,454869097365
2022-08-08,S300YPSP,0,133327848,10,0,644297357,61871,10,2,0,0,0,0,30,0,55154,30,0,0,0,61484,71356497656,455052340080
2022-08-09,S300YPSP,0,2376592,10,0,645925574,61895,10,2,0,0,0,0,30,0,55154,30,0,0,0,61508,71375056632,455160250692
2022-08-10,S300YPSP,0,162702000,10,0,646835840,61919,10,2,0,0,0,0,31,0,55154,31,0,0,0,61532,71388981584,455361802264
2022-08-11,S300YPSP,0,104070792,10,0,647598573,61943,10,2,0,0,0,0,30,0,55154,30,0,0,0,61555,71402923144,455521836680
2022-08-12,S300YPSP,0,60161672,10,0,648525740,61966,10,2,0,0,0,0,29,0,55154,29,0,0,0,61579,71420644304,455700732932
2022-08-13,S300YPSP,0,204650704,10,0,650252854,61990,10,2,0,0,0,0,29,0,55154,29,0,0,0,61603,71437403136,455847517550
2022-08-14,S300YPSP,0,152579712,10,0,651352172,62014,10,2,0,0,0,0,30,0,55154,30,0,0,0,61626,71452600816,455986435204
2022-08-15,S300YPSP,0,181835976,10,0,652355034,62037,10,2,0,0,0,0,30,0,55154,30,0,0,0,61650,71467911016,456162661105
2022-08-16,S300YPSP,0,128827408,10,0,654047211,62061,10,2,0,0,0,0,30,0,55154,30,0,0,0,61674,71491662096,456270833572
2022-08-17,S300YPSP,0,96443264,10,0,655059627,62085,10,2,0,0,0,0,30,0,55156,30,0,0,0,61697,71510517512,456497987517
2022-08-18,S300YPSP,0,227376200,10,0,656635357,62108,10,2,0,0,0,0,29,0,55156,29,0,0,0,61721,71529312880,456679095072
2022-08-19,S300YPSP,0,49963504,10,0,657688558,62132,10,2,0,0,0,0,30,0,55156,30,0,0,0,61745,71554928440,456878244800
2022-08-20,S300YPSP,0,125092208,10,0,659738190,62156,10,2,0,0,0,0,30,0,55156,30,0,0,0,61768,71576299496,457085921423
2022-08-21,S300YPSP,0,234033816,10,0,660937552,62179,10,2,0,0,0,0,30,0,55156,30,0,0,0,61792,71593413504,457298670931
2022-08-22,S300YPSP,0,226937168,10,0,661917552,62203,10,2,0,0,0,0,30,0,55156,30,0,0,0,61816,71608181248,457505487554
2022-08-23,S300YPSP,0,31757104,10,0,663668780,62226,10,2,0,0,0,0,31,0,55156,31,0,0,0,61839,71627390176,457622301128
2022-08-24,S300YPSP,0,167198144,10,0,664707054,62250,10,2,0,0,0,0,30,0,55156,30,0,0,0,61863,71651244392,457812864198
2022-08-25,S300YPSP,0,204190152,10,0,666226549,62273,10,2,0,0,0,0,31,0,55157,31,0,0,0,61886,71668901504,457995788066
2022-08-26,S300YPSP,0,143319048,10,0,667369922,62297,10,2,0,0,0,0,31,0,55157,31,0,0,0,61910,71687150176,458232037757
2022-08-27,S300YPSP,0,212617704,10,0,669136411,62321,10,2,0,0,0,0,31,0,55157,31,0,0,0,61934,71712983480,458436367053
2022-08-28,S300YPSP,0,58246704,10,0,670762054,62345,10,2,0,0,0,0,31,0,55157,31,0,0,0,61957,71732590376,458630331630
2022-08-29,S300YPSP,0,60830968,10,0,672124510,62369,10,2,0,0,0,0,31,0,55157,31,0,0,0,61981,71754134344,458919310076
2022-08-30,S300YPSP,0,219480944,10,0,675194696,62404,10,2,0,0,0,0,33,0,55157,33,0,0,0,62017,71783965968,459277690870
2022-08-31,S300YPSP,0,172125160,10,0,677453057,62428,10,2,0,0,0,0,31,0,55158,31,0,0,0,62040,71803135456,459579987610
2022-09-01,S300YPSP,0,60515496,10,0,679624465,62451,10,2,0,0,0,0,31,0,55158,31,0,0,0,62064,71829326672,459888149380
2022-09-02,S300YPSP,0,93733504,10,0,681607021,62475,10,2,0,0,0,0,31,0,55158,31,0,0,0,62088,71852989160,460186718943
2022-09-03,S300YPSP,0,243632952,10,0,684774050,62499,10,2,0,0,0,0,30,0,55158,30,0,0,0,62112,71880779528,460517094326
2022-09-04,S300YPSP,0,134678088,10,0,687382970,62523,10,2,0,0,0,0,31,0,55158,31,0,0,0,62135,71900218088,460845403264
2022-09-05,S300YPSP,0,17085688,10,0,688989087,62546,10,2,0,0,0,0,30,0,55158,30,0,0,0,62159,71924588360,461148370118
2022-09-06,S300YPSP,0,22318896,10,0,691645876,62570,10,2,0,0,0,0,31,0,55158,31,0,0,0,62183,71941401296,461258888837
2022-09-07,S300YPSP,0,106835200,10,0,692918965,62594,10,2,0,0,0,0,31,0,55158,31,0,0,0,62207,71964481712,461526948558
2022-09-08,S300YPSP,0,239367680,10,0,694185461,62618,10,2,0,0,0,0,31,0,55159,31,0,0,0,62230,71986077288,461778957581
2022-09-09,S300YPSP,0,19467480,10,0,695402582,62642,10,2,0,0,0,0,31,0,55159,31,0,0,0,62254,72013186664,461984970928
2022-09-10,S300YPSP,0,109329928,10,0,697638492,62665,10,2,0,0,0,0,31,0,55159,31,0,0,0,62278,72033774656,462298874151
2022-09-11,S300YPSP,0,7613800,10,0,698913555,62689,10,2,0,0,0,0,31,0,55159,31,0,0,0,62302,72056348656,462590361111
2022-09-12,S300YPSP,0,87034968,10,0,700124201,62713,10,2,0,0,0,0,30,0,55159,30,0,0,0,62326,72079873696,462793984240
2022-09-13,S300YPSP,0,80413696,10,0,701786834,62737,10,2,0,0,0,0,30,0,55159,30,0,0,0,62350,72108192416,462898309238
2022-09-14,S300YPSP,0,226586600,10,0,702868760,62761,10,2,0,0,0,0,31,0,55159,31,0,0,0,62373,72133033936,463110173818
2022-09-15,S300YPSP,0,234131176,10,0,703862247,62784,10,2,0,0,0,0,31,0,55161,31,0,0,0,62397,72157835824,463285689800
2022-09-16,S300YPSP,0,240730024,10,0,704771826,62808,10,2,0,0,0,0,31,0,55161,31,0,0,0,62421,72180692728,463407151498
2022-09-17,S300YPSP,0,68741280,10,0,706775787,62832,10,2,0,0,0,0,31,0,55161,31,0,0,0,62444,72207531440,463657429738
2022-09-18,S300YPSP,0,134370488,10,0,708151541,62855,10,2,0,0,0,0,31,0,55161,31,0,0,0,62468,72232441728,463876191590
2022-09-19,S300YPSP,0,34871776,10,0,709278690,62879,10,2,0,0,0,0,31,0,55161,31,0,0,0,62492,72260585584,464076427433
2022-09-20,S300YPSP,0,243255648,10,0,710736353,62903,10,2,0,0,0,0,31,0,55161,31,0,0,0,62515,72285232248,464138142818
2022-09-21,S300YPSP,0,236301536,10,0,711944426,62926,10,2,0,0,0,0,31,0,55161,31,0,0,0,62539,72315624520,464353197925
2022-09-22,S300YPSP,0,167695160,10,0,713107698,62950,10,2,0,0,0,0,31,0,55161,31,0,0,0,62563,72334460152,464568858641
2022-09-23,S300YPSP,0,78326424,10,0,715029769,62974,10,2,0,0,0,0,31,0,55161,31,0,0,0,62586,72354924776,464747127659
2022-09-24,S300YPSP,0,139943024,10,0,716929524,62998,10,2,0,0,0,0,31,0,55161,31,0,0,0,62610,72370130616,464978856962
2022-09-25,S300YPSP,0,208688888,10,0,718128970,63021,10,2,0,0,0,0,30,0,55161,30,0,0,0,62634,72383321832,465196736134
2022-09-26,S300YPSP,0,117670536,10,0,718989406,63045,10,2,0,0,0,0,29,0,55162,29,0,0,0,62658,72396030112,465367669848
2022-09-27,S300YPSP,0,14701200,10,0,720663406,63069,10,2,0,0,0,0,30,0,55162,30,0,0,0,62681,72403901944,465485589586
2022-09-28,S300YPSP,0,75666680,10,0,721440246,63092,10,2,0,0,0,0,30,0,55162,30,0,0,0,62705,72415076544,465624343878
2022-09-29,S300YPSP,0,30727312,10,0,722245291,63116,10,2,0,0,0,0,30,0,55164,30,0,0,0,62728,72424514592,465754285051
2022-09-30,S300YPSP,0,177089688,10,0,723041193,63139,10,2,0,0,0,0,30,0,55164,30,0,0,0,62752,72433271904,465884094110
2022-10-01,S300YPSP,0,133372576,10,0,724850017,63163,10,2,0,0,0,0,30,0,55164,30,0,0,0,62776,72443908568,466094624612
2022-10-02,S300YPSP,0,142235880,10,0,726708979,63199,10,2,0,0,0,0,30,0,55164,30,0,0,0,62811,72464356288,466428852915
2022-10-03,S300YPSP,0,8983064,10,0,728167563,63223,10,2,0,0,0,0,30,0,55164,30,0,0,0,62835,72477784536,466592520271
2022-10-04,S300YPSP,0,22080040,10,0,729316949,63246,10,2,0,0,0,0,30,0,55164,30,0,0,0,62859,72494338896,466727215612
2022-10-05,S300YPSP,0,208189488,10,0,730315629,63270,10,2,0,0,0,0,30,0,55164,30,0,0,0,62882,72512484944,466926831555
2022-10-06,S300YPSP,0,14557272,10,0,730784335,63282,10,2,0,0,0,0,30,0,55164,30,0,0,0,62894,72515880576,467038404757
2022-10-07,S300YPSP,0,50022024,10,0,732045454,63305,10,2,0,0,0,0,30,0,55165,30,0,0,0,62918,72525294776,467207641356
2022-10-08,S300YPSP,0,33454704,10,0,733623120,63329,10,2,0,0,0,0,31,0,55165,31,0,0,0,62941,72534585096,467420506479
2022-10-09,S300YPSP,0,146296248,10,0,735200168,63352,10,2,0,0,0,0,31,0,55165,31,0,0,0,62965,72548557416,467679451882
2022-10-10,S300YPSP,0,76816920,10,0,736241928,63376,10,2,0,0,0,0,32,0,55165,32,0,0,0,62989,72562311696,467890685418
2022-10-11,S300YPSP,0,126006768,10,0,738015346,63400,10,2,0,0,0,0,32,0,55165,32,0,0,0,63012,72575610496,468025215070
2022-10-12,S300YPSP,0,49752016,10,0,739511430,63435,10,2,0,0,0,0,31,0,55167,31,0,0,0,63048,72590293320,468292981939
2022-10-13,S300YPSP,0,40746344,10,0,740507290,63459,10,2,0,0,0,0,31,0,55167,31,0,0,0,63071,72602305992,468484088912
2022-10-14,S300YPSP,0,75641416,10,0,741406818,63482,10,2,0,0,0,0,30,0,55167,30,0,0,0,63095,72612372120,468666726508
2022-10-15,S300YPSP,0,51889976,10,0,744235172,63506,10,2,0,0,0,0,30,0,55167,30,0,0,0,63119,72625100176,469071426621
2022-10-16,S300YPSP,0,86140928,10,0,746831655,63530,10,2,0,0,0,0,31,0,55167,31,0,0,0,63142,72634131120,469458401851
2022-10-17,S300YPSP,0,99333784,10,0,748925119,63554,10,2,0,0,0,0,31,0,55167,31,0,0,0,63166,72643346288,469723428902
2022-10-18,S300YPSP,0,4276584,10,0,750317782,63577,10,2,0,0,0,0,30,0,55167,30,0,0,0,63190,72653908496,469844825788
2022-10-19,S300YPSP,0,191056464,10,0,752762471,63601,10,2,0,0,0,0,31,0,55169,31,0,0,0,63213,72664155600,470102963262
2022-10-20,S300YPSP,0,198895800,10,0,754948616,63624,10,2,0,0,0,0,31,0,55169,31,0,0,0,63237,72673298512,470401883753
2022-10-21,S300YPSP,0,227191936,10,0,757129455,63648,10,2,0,0,0,0,31,0,55169,31,0,0,0,63261,72683811760,470721738620
2022-10-22,S300YPSP,0,85962000,10,0,759430948,63672,10,2,0,0,0,0,31,0,55169,31,0,0,0,63284,72694510144,471079230580
2022-10-23,S300YPSP,0,148201472,10,0,760688458,63695,10,2,0,0,0,0,31,0,55169,31,0,0,0,63308,72704924920,471332969628
2022-10-24,S300YPSP,0,23660056,10,0,761965855,63719,10,2,0,0,0,0,31,0,55169,31,0,0,0,63331,72717458752,471626840265
2022-10-25,S300YPSP,0,36459304,10,0,763445207,63743,10,2,0,0,0,0,31,0,55169,31,0,0,0,63355,72727256368,471722805429
2022-10-26,S300YPSP,0,89451840,10,0,764440926,63766,10,2,0,0,0,0,31,0,55169,31,0,0,0,63379,72738914432,471991046009
2022-10-27,S300YPSP,0,197734360,10,0,765302346,63790,10,2,0,0,0,0,31,0,55169,31,0,0,0,63403,72750131392,472215930139
2022-10-28,S300YPSP,0,210444280,10,0,766351954,63814,10,2,0,0,0,0,31,0,55169,31,0,0,0,63426,72763344424,472472684184
2022-10-29,S300YPSP,0,14363760,10,0,767999347,63837,10,2,0,0,0,0,31,0,55169,31,0,0,0,63450,72775355504,472659953185
2022-10-30,S300YPSP,0,110648136,10,0,768876849,63861,10,2,0,0,0,0,31,0,55169,31,0,0,0,63474,72786057328,472765161996
2022-10-31,S300YPSP,0,65138808,10,0,769837948,63885,10,2,0,0,0,0,31,0,55169,31,0,0,0,63497,72804378856,472999999384
2022-11-01,S300YPSP,0,94585320,10,0,771322047,63908,10,2,0,0,0,0,31,0,55169,31,0,0,0,63521,72817723680,473066649636
2022-11-02,S300YPSP,0,90520360,10,0,772291641,63932,10,2,0,0,0,0,31,0,55171,31,0,0,0,63545,72829927624,473263980190
2022-11-03,S300YPSP,0,183362960,10,0,772935139,63956,10,2,0,0,0,0,31,0,55171,31,0,0,0,63568,72842657008,473353205893
2022-11-04,S300YPSP,0,2511880,10,0,774700975,63980,10,2,0,0,0,0,31,0,55171,31,0,0,0,63592,72858283032,473482456900
2022-11-05,S300YPSP,0,30891392,10,0,776337311,64004,10,2,0,0,0,0,31,0,55171,31,0,0,0,63616,72872029216,473702617522
2022-11-06,S300YPSP,0,69933576,10,0,777793514,64028,10,2,0,0,0,0,31,0,55171,31,0,0,0,63640,72889887520,473906204225
2022-11-07,S300YPSP,0,212328192,10,0,778778124,64051,10,2,0,0,0,0,32,0,55171,32,0,0,0,63664,72914188480,474082700133
2022-11-08,S300YPSP,0,183440680,10,0,780216917,64075,10,2,0,0,0,0,31,0,55171,31,0,0,0,63688,72931412248,474165126152
2022-11-09,S300YPSP,0,30249448,10,0,781242318,64099,10,2,0,0,0,0,31,0,55171,31,0,0,0,63711,72949216936,474299564837
2022-11-10,S300YPSP,0,143277232,10,0,782048461,64122,10,2,0,0,0,0,32,0,55173,32,0,0,0,63735,72963370448,474455451651
2022-11-11,S300YPSP,0,232764968,10,0,782825637,64146,10,2,0,0,0,0,31,0,55173,31,0,0,0,63759,72978075040,474622642082
2022-11-12,S300YPSP,0,70092600,10,0,784385897,64170,10,2,0,0,0,0,32,0,55173,32,0,0,0,63783,72992046432,474817294766
2022-11-13,S300YPSP,0,83827016,10,0,785687157,64194,10,2,0,0,0,0,31,0,55173,31,0,0,0,63806,73007615888,474956979815
2022-11-14,S300YPSP,0,92167696,10,0,786391455,64218,10,2,0,0,0,0,31,0,55173,31,0,0,0,63830,73020139536,475067241008
2022-11-15,S300YPSP,0,150956440,10,0,788134479,64242,10,2,0,0,0,0,31,0,55173,31,0,0,0,63854,73035271200,475174167757
2022-11-16,S300YPSP,0,71298416,10,0,789052645,64265,10,2,0,0,0,0,33,0,55173,33,0,0,0,63878,73048404248,475359098866
2022-11-17,S300YPSP,0,66448184,10,0,791297286,64289,10,2,0,0,0,0,33,0,55174,33,0,0,0,63902,73062198544,475461994207
2022-11-18,S300YPSP,0,64273216,10,0,794237695,64313,10,2,0,0,0,0,32,0,55175,32,0,0,0,63925,73064490552,475564161569
2022-11-19,S300YPSP,0,229504232,10,0,797332409,64348,10,2,0,0,0,0,31,0,55177,31,0,0,0,63961,73067435120,475737704735
2022-11-20,S300YPSP,0,22951120,10,0,798179932,64372,10,2,0,0,0,0,31,0,55177,31,0,0,0,63984,73069475504,475955150323
2022-11-21,S300YPSP,0,222331448,10,0,799480799,64396,10,2,0,0,0,0,30,0,55177,30,0,0,0,64008,73071447512,476122284489
2022-11-22,S300YPSP,0,55954064,10,0,800518370,64419,10,2,0,0,0,0,30,0,55177,30,0,0,0,64032,73073469720,476262481488
2022-11-23,S300YPSP,0,184003952,10,0,801228870,64443,10,2,0,0,0,0,31,0,55177,31,0,0,0,64055,73075519008,476447296968
2022-11-24,S300YPSP,0,123415496,10,0,801972016,64467,10,2,0,0,0,0,32,0,55177,32,0,0,0,64079,73077346448,476641772800
2022-11-25,S300YPSP,0,186676344,10,0,803241042,64490,10,2,0,0,0,0,31,0,55177,31,0,0,0,64103,73079530872,476847994694
2022-11-26,S300YPSP,0,60536864,10,0,805383482,64514,10,2,0,0,0,0,31,0,55177,31,0,0,0,64126,73081883696,477125349354
2022-11-27,S300YPSP,0,220875928,10,0,806284718,64538,10,2,0,0,0,0,31,0,55177,31,0,0,0,64150,73088900056,477341535543
2022-11-28,S300YPSP,0,224427888,10,0,807487329,64561,10,2,0,0,0,0,31,0,55178,31,0,0,0,64174,73091015848,477523149121
2022-11-29,S300YPSP,0,49202984,10,0,808793465,64585,10,2,0,0,0,0,31,0,55178,31,0,0,0,64198,73092682232,477681579851
2022-11-30,S300YPSP,0,25873464,10,0,809495856,64609,10,2,0,0,0,0,31,0,55180,31,0,0,0,64221,73099242864,477836980327
2022-12-01,S300YPSP,0,80082480,10,0,810251850,64633,10,2,0,0,0,0,31,0,55180,31,0,0,0,64245,73116802792,477992085289
2022-12-02,S300YPSP,0,41332808,10,0,812562579,64656,10,2,0,0,0,0,31,0,55180,31,0,0,0,64269,73132891336,478296978627
2022-12-03,S300YPSP,0,62767000,10,0,815716395,64680,10,2,0,0,0,0,31,0,55180,31,0,0,0,64293,73155001656,478737546183
2022-12-04,S300YPSP,0,71036296,10,0,818642126,64704,10,2,0,0,0,0,31,0,55180,31,0,0,0,64316,73185326128,479088237495
2022-12-05,S300YPSP,0,113117104,10,0,820635885,64728,10,2,0,0,0,0,31,0,55180,31,0,0,0,64340,73203024664,479363736106
2022-12-06,S300YPSP,0,84489808,10,0,822376939,64751,10,2,0,0,0,0,31,0,55180,31,0,0,0,64364,73218701312,479490364268
2022-12-07,S300YPSP,0,8594136,10,0,824385233,64775,10,2,0,0,0,0,32,0,55181,32,0,0,0,64387,73242131136,479784466405
2022-12-08,S300YPSP,0,233488112,10,0,825854124,64799,10,2,0,0,0,0,32,0,55181,32,0,0,0,64411,73242585032,480036267265
2022-12-09,S300YPSP,0,241452864,10,0,827260429,64823,10,2,0,0,0,0,31,0,55181,31,0,0,0,64435,73243038944,480365654305
2022-12-11,S300YPSP,0,155976792,10,0,830552521,64871,10,2,0,0,0,0,31,0,55181,31,0,0,0,64483,73244475944,480974125159
2022-12-11,S300YPSP,0,155976792,10,0,830552521,64871,10,2,0,0,0,0,31,0,55181,31,0,0,0,64483,73244475944,480974125159
2022-12-12,S300YPSP,0,97120328,10,0,831375960,64895,10,2,0,0,0,0,31,0,55182,31,0,0,0,64507,73245049784,481231499547
2022-12-13,S300YPSP,0,160269640,10,0,832847699,64919,10,2,0,0,0,0,32,0,55183,32,0,0,0,64532,73245691376,481374196917
2022-12-14,S300YPSP,0,156846232,10,0,833523873,64943,10,2,0,0,0,0,31,0,55184,31,0,0,0,64556,73246394968,481597519300
2022-12-15,S300YPSP,0,89219464,10,0,834627633,64967,10,2,0,0,0,0,32,0,55184,32,0,0,0,64579,73246817456,481796227551
2022-12-16,S300YPSP,0,60457952,10,0,836208052,64991,10,2,0,0,0,0,31,0,55184,31,0,0,0,64603,73247245032,481983925836
2022-12-17,S300YPSP,0,33413896,10,0,837958677,65015,10,2,0,0,0,0,32,0,55184,32,0,0,0,64627,73247689424,482166683094
2022-12-18,S300YPSP,0,162470656,10,0,838599197,65038,10,2,0,0,0,0,31,0,55186,31,0,0,0,64650,73248116072,482329473688
2022-12-19,S300YPSP,0,211558192,10,0,839150918,65062,10,2,0,0,0,0,31,0,55189,31,0,0,0,64674,73248537344,482490438708
2022-12-20,S300YPSP,0,184633808,10,0,840595538,65085,10,2,0,0,0,0,31,0,55200,31,0,0,0,64698,73248813120,482621196414
2022-12-21,S300YPSP,0,71159056,10,0,841253267,65109,10,2,0,0,0,0,31,0,55201,31,0,0,0,64721,73249238872,482834440363
2022-12-22,S300YPSP,0,29179128,10,0,842132159,65133,10,2,0,0,0,0,31,0,55201,31,0,0,0,64745,73249676008,483047595404
2022-12-23,S300YPSP,0,30507928,10,0,842861398,65157,10,2,0,0,0,0,32,0,55201,32,0,0,0,64770,73250116616,483236563478
2022-12-24,S300YPSP,0,2168392,10,0,844740074,65181,10,2,0,0,0,0,32,0,55201,32,0,0,0,64794,73250548880,483482465353
2022-12-25,S300YPSP,0,119588744,10,0,845368191,65205,10,2,0,0,0,0,33,0,55201,33,0,0,0,64817,73250979624,483648442875
2022-12-26,S300YPSP,0,86321176,10,0,846169454,65229,10,2,0,0,0,0,33,0,55201,33,0,0,0,64841,73251413344,483845706039
2022-12-27,S300YPSP,0,182573840,10,0,847710774,65253,10,2,0,0,0,0,33,0,55201,33,0,0,0,64866,73251692296,483957319199
2022-12-28,S300YPSP,0,120261472,10,0,848311008,65277,10,2,0,0,0,0,32,0,55201,32,0,0,0,64890,73252125408,484078258827
2022-12-29,S300YPSP,0,64214792,10,0,849014958,65301,10,2,0,0,0,0,33,0,55201,33,0,0,0,64913,73252555936,484223833919
2022-12-30,S300YPSP,0,51136208,10,0,851544291,65325,10,2,0,0,0,0,32,0,55201,32,0,0,0,64937,73252980904,484469230272
2022-12-31,S300YPSP,0,153103472,10,0,853284925,65348,10,2,0,0,0,0,33,0,55201,33,0,0,0,64961,73253408128,484702568561
