2022-01-01,Z302AKRV,0,157933216,10,0,216663488,56583,10,0,0,0,0,0,31,1,52425,31,0,0,0,56222,66568370320,385598684124
2022-01-02,Z302AKRV,0,98828840,10,0,218010810,56607,10,0,0,0,0,0,31,1,52425,31,0,0,0,56245,66591360064,385869320018
2022-01-03,Z302AKRV,0,49138864,10,0,218604470,56631,10,0,0,0,0,0,31,1,52425,31,0,0,0,56269,66607888720,385993791671
2022-01-04,Z302AKRV,0,174527424,10,0,220265764,56655,10,0,0,0,0,0,31,1,52425,31,0,0,0,56293,66621658232,386182219151
2022-01-05,Z302AKRV,0,60453640,10,0,221450983,56690,10,0,0,0,0,0,31,1,52425,31,0,0,0,56329,66648113760,386448474024
2022-01-06,Z302AKRV,0,148336192,10,0,223099719,56714,10,0,0,0,0,0,33,1,52425,33,0,0,0,56352,66667390960,386682571441
2022-01-07,Z302AKRV,0,182125712,10,0,223758937,56738,10,0,0,0,0,0,32,1,52425,32,0,0,0,56376,66683608688,386817958312
2022-01-08,Z302AKRV,0,104656056,10,0,225794721,56762,10,0,0,0,0,0,31,1,52425,31,0,0,0,56400,66699165544,387091501724
2022-01-09,Z302AKRV,0,67987728,10,0,226531810,56785,10,0,0,0,0,0,31,1,52425,31,0,0,0,56424,66717717304,387235276143
2022-01-10,Z302AKRV,0,141020136,10,0,227462250,56809,10,0,0,0,0,0,31,1,52425,31,0,0,0,56447,66733538096,387369672542
2022-01-11,Z302AKRV,0,103669792,10,0,228913067,56833,10,0,0,0,0,0,31,1,52425,31,0,0,0,56471,66749239816,387501175300
2022-01-12,Z302AKRV,0,193405512,10,0,229782166,56857,10,0,0,0,0,0,31,1,52425,31,0,0,0,56495,66767161320,387691889172
2022-01-13,Z302AKRV,0,96821144,10,0,230563255,56881,10,0,0,0,0,0,31,1,52425,31,0,0,0,56519,66783393424,387860189435
2022-01-14,Z302AKRV,0,98036424,10,0,231373218,56905,10,0,0,0,0,0,31,1,52425,31,0,0,0,56543,66802873184,388017380501
2022-01-15,Z302AKRV,0,238448264,10,0,233253210,56928,10,0,0,0,0,0,31,1,52425,31,0,0,0,56567,66816631680,388178292327
2022-01-16,Z302AKRV,0,156563944,10,0,234226142,56952,10,0,0,0,0,0,31,1,52425,31,0,0,0,56591,66841137424,388328578701
2022-01-17,Z302AKRV,0,157918168,10,0,235418353,56976,10,0,0,0,0,0,31,1,52425,31,0,0,0,56614,66858614824,388464966794
2022-01-18,Z302AKRV,0,116052112,10,0,236833282,57000,10,0,0,0,0,0,31,1,52425,31,0,0,0,56638,66875649496,388607115388
2022-01-19,Z302AKRV,0,242630624,10,0,237824366,57024,10,0,0,0,0,0,32,1,52425,32,0,0,0,56662,66891279792,388795987460
2022-01-20,Z302AKRV,0,103182272,10,0,238854426,57048,10,0,0,0,0,0,32,1,52425,32,0,0,0,56686,66915705048,389024214808
2022-01-21,Z302AKRV,0,200214464,10,0,239787129,57071,10,0,0,0,0,0,34,1,52425,34,0,0,0,56710,66938421104,389196472029
2022-01-22,Z302AKRV,0,54812640,10,0,242029607,57095,10,0,0,0,0,0,32,1,52425,32,0,0,0,56733,66957605232,389431883878
2022-01-23,Z302AKRV,0,159622792,10,0,244486679,57119,10,0,0,0,0,0,33,1,52425,33,0,0,0,56757,66982032520,389626322054
2022-01-24,Z302AKRV,0,144151112,10,0,245783364,57143,10,0,0,0,0,0,32,1,52425,32,0,0,0,56781,67006629184,389863993206
2022-01-25,Z302AKRV,0,79187368,10,0,247480111,57167,10,0,0,0,0,0,32,1,52425,32,0,0,0,56805,67022838952,390070014928
2022-01-26,Z302AKRV,0,101984368,10,0,249055106,57191,10,0,0,0,0,0,33,1,52425,33,0,0,0,56829,67039235712,390384431821
2022-01-27,Z302AKRV,0,191224696,10,0,251538587,57215,10,0,0,0,0,0,33,1,52425,33,0,0,0,56853,67059479720,390714732941
2022-01-28,Z302AKRV,0,46849480,10,0,253456699,57238,10,0,0,0,0,0,33,1,52425,33,0,0,0,56877,67078880488,391022670944
2022-01-29,Z302AKRV,0,110391000,10,0,256004392,57262,10,0,0,0,0,0,33,1,52425,33,0,0,0,56900,67100393040,391251134604
2022-01-30,Z302AKRV,0,179507880,10,0,258183705,57286,10,0,0,0,0,0,33,1,52425,33,0,0,0,56924,67118761032,391585604475
2022-01-31,Z302AKRV,0,12734008,10,0,260230097,57310,10,0,0,0,0,0,33,1,52425,33,0,0,0,56948,67136731680,391886562542
2022-02-01,Z302AKRV,0,211204816,10,0,262104683,57334,10,0,0,0,0,0,31,1,52425,31,0,0,0,56972,67154530880,392006392834
2022-02-02,Z302AKRV,0,57907728,10,0,264283672,57357,10,0,0,0,0,0,32,1,52425,32,0,0,0,56995,67174545712,392306215626
2022-02-03,Z302AKRV,0,116149272,10,0,265502950,57381,10,0,0,0,0,0,31,1,52425,31,0,0,0,57019,67196353304,392515516622
2022-02-04,Z302AKRV,0,197886568,10,0,267025093,57405,10,0,0,0,0,0,30,1,52425,30,0,0,0,57043,67216955768,392890711410
2022-02-05,Z302AKRV,0,41056248,10,0,269244317,57429,10,0,0,0,0,0,31,1,52425,31,0,0,0,57067,67232604456,393206306573
2022-02-06,Z302AKRV,0,82737536,10,0,270737803,57452,10,0,0,0,0,0,32,1,52425,32,0,0,0,57091,67250051784,393448488362
2022-02-07,Z302AKRV,0,214248552,10,0,271979540,57476,10,0,0,0,0,0,31,1,52425,31,0,0,0,57115,67276547672,393743512830
2022-02-08,Z302AKRV,0,152881272,10,0,273597381,57500,10,0,0,0,0,0,31,1,52425,31,0,0,0,57138,67294781512,393845156699
2022-02-09,Z302AKRV,0,26904872,10,0,274721751,57524,10,0,0,0,0,0,31,1,52425,31,0,0,0,57162,67310613688,394144181047
2022-02-10,Z302AKRV,0,133091720,10,0,275816607,57548,10,0,0,0,0,0,32,1,52425,32,0,0,0,57186,67327212368,394375563235
2022-02-11,Z302AKRV,0,6808320,10,0,276848368,57571,10,0,0,0,0,0,31,1,52425,31,0,0,0,57210,67344862824,394618076999
2022-02-12,Z302AKRV,0,87620552,10,0,279826621,57595,10,0,0,0,0,0,31,1,52425,31,0,0,0,57233,67353592232,394848916325
2022-02-13,Z302AKRV,0,34682944,10,0,281293499,57619,10,0,0,0,0,0,31,1,52425,31,0,0,0,57257,67362684928,395137182131
2022-02-14,Z302AKRV,0,102348896,10,0,282153294,57643,10,0,0,0,0,0,31,1,52425,31,0,0,0,57281,67373147928,395344529711
2022-02-15,Z302AKRV,0,234739344,10,0,284359078,57678,10,0,0,0,0,0,31,1,52425,31,0,0,0,57316,67395007656,395593884540
2022-02-16,Z302AKRV,0,226412312,10,0,285350609,57702,10,0,0,0,0,0,31,1,52425,31,0,0,0,57340,67410503208,395814751052
2022-02-17,Z302AKRV,0,215259016,10,0,286328806,57726,10,0,0,0,0,0,31,1,52425,31,0,0,0,57364,67422605048,396015430416
2022-02-18,Z302AKRV,0,172462000,10,0,286847181,57737,10,0,0,0,0,0,31,1,52425,31,0,0,0,57376,67430808664,396125017745
2022-02-19,Z302AKRV,0,5039432,10,0,288472769,57761,10,0,0,0,0,0,30,1,52425,30,0,0,0,57399,67443545848,396344500927
2022-02-20,Z302AKRV,0,101422904,10,0,289719091,57785,10,0,0,0,0,0,31,1,52425,31,0,0,0,57423,67457949096,396552833240
2022-02-21,Z302AKRV,0,209021272,10,0,290393859,57809,10,0,0,0,0,0,32,1,52425,32,0,0,0,57447,67470645560,396713354776
2022-02-22,Z302AKRV,0,138767144,10,0,292254294,57833,10,0,0,0,0,0,32,1,52425,32,0,0,0,57471,67490926832,396839532266
2022-02-23,Z302AKRV,0,12201384,10,0,293072162,57856,10,0,0,0,0,0,32,1,52425,32,0,0,0,57495,67514367120,397007456528
2022-02-24,Z302AKRV,0,228846792,10,0,294841121,57892,10,0,0,0,0,0,31,1,52425,31,0,0,0,57530,67539105160,397286052131
2022-02-25,Z302AKRV,0,127135864,10,0,295649638,57916,10,0,0,0,0,0,31,1,52425,31,0,0,0,57554,67553011056,397419476790
2022-02-26,Z302AKRV,0,150125328,10,0,297597043,57939,10,0,0,0,0,0,31,1,52425,31,0,0,0,57578,67568809032,397592769468
2022-02-27,Z302AKRV,0,33772080,10,0,298478449,57963,10,0,0,0,0,0,31,1,52425,31,0,0,0,57601,67582065504,397747241934
2022-02-28,Z302AKRV,0,109945648,10,0,299923438,57987,10,0,0,0,0,0,32,1,52425,32,0,0,0,57625,67602147408,397911371344
2022-03-01,Z302AKRV,0,9502432,10,0,302649852,58011,10,0,0,0,0,0,31,1,52425,31,0,0,0,57649,67612315040,398135407261
2022-03-02,Z302AKRV,0,12891032,10,0,303705897,58034,10,0,0,0,0,0,33,1,52425,33,0,0,0,57673,67625075904,398367284473
2022-03-03,Z302AKRV,0,155354136,10,0,304553888,58058,10,0,0,0,0,0,33,1,52425,33,0,0,0,57696,67631615088,398552103049
2022-03-04,Z302AKRV,0,29288968,10,0,305524788,58082,10,0,0,0,0,0,32,1,52425,32,0,0,0,57720,67640354032,398743018601
2022-03-05,Z302AKRV,0,4338816,10,0,307731125,58106,10,0,0,0,0,0,33,1,52425,33,0,0,0,57744,67650141736,398971643369
2022-03-06,Z302AKRV,0,31524968,10,0,308631887,58130,10,0,0,0,0,0,32,1,52425,32,0,0,0,57768,67660191840,399166230348
2022-03-07,Z302AKRV,0,65443504,10,0,309962774,58153,10,0,0,0,0,0,32,1,52425,32,0,0,0,57792,67669722088,399432019559
2022-03-08,Z302AKRV,0,191698648,10,0,311781962,58177,10,0,0,0,0,0,32,1,52425,32,0,0,0,57815,67684347344,399695225890
2022-03-09,Z302AKRV,0,153405864,10,0,314067735,58201,10,0,0,0,0,0,33,1,52425,33,0,0,0,57839,67697412920,400048451079
2022-03-10,Z302AKRV,0,29145600,10,0,316355179,58225,10,0,0,0,0,0,33,1,52425,33,0,0,0,57863,67704415032,400404965904
2022-03-11,Z302AKRV,0,45440064,10,0,318053652,58249,10,0,0,0,0,0,32,1,52425,32,0,0,0,57887,67713571928,400652407731
2022-03-12,Z302AKRV,0,159142536,10,0,320853233,58272,10,0,0,0,0,0,33,1,52425,33,0,0,0,57911,67722801592,400943938738
2022-03-13,Z302AKRV,0,36454440,10,0,323046165,58296,10,0,0,0,0,0,32,1,52425,32,0,0,0,57934,67731942408,401298748497
2022-03-14,Z302AKRV,0,137841552,10,0,325283124,58320,10,0,0,0,0,0,32,1,52425,32,0,0,0,57958,67739046976,401581783432
2022-03-15,Z302AKRV,0,91746688,10,0,327010884,58344,10,0,0,0,0,0,33,1,52425,33,0,0,0,57982,67747826504,401725405315
2022-03-16,Z302AKRV,0,208746144,10,0,328467450,58367,10,0,0,0,0,0,32,1,52425,32,0,0,0,58006,67757863576,402083468164
2022-03-17,Z302AKRV,0,127783080,10,0,329677461,58391,10,0,0,0,0,0,32,1,52425,32,0,0,0,58029,67766332456,402379380161
2022-03-18,Z302AKRV,0,55345672,10,0,332046639,58415,10,0,0,0,0,0,32,1,52425,32,0,0,0,58053,67774814712,402604591312
2022-03-19,Z302AKRV,0,178762424,10,0,333934808,58439,10,0,0,0,0,0,32,1,52425,32,0,0,0,58077,67785390840,402918568428
2022-03-20,Z302AKRV,0,118385928,10,0,335545611,58463,10,0,0,0,0,0,32,1,52425,32,0,0,0,58101,67796298632,403245109485
2022-03-21,Z302AKRV,0,215713848,10,0,336687891,58487,10,0,0,0,0,0,32,1,52425,32,0,0,0,58125,67807559120,403508017921
2022-03-22,Z302AKRV,0,17348688,10,0,338372069,58511,10,0,0,0,0,0,31,1,52425,31,0,0,0,58149,67832007736,403688156721
2022-03-23,Z302AKRV,0,127346912,10,0,339216772,58534,10,0,0,0,0,0,31,1,52425,31,0,0,0,58173,67844960944,403877655438
2022-03-24,Z302AKRV,0,28327344,10,0,340160193,58558,10,0,0,0,0,0,31,1,52425,31,0,0,0,58196,67854792664,404110680285
2022-03-25,Z302AKRV,0,120160632,10,0,341215703,58582,10,0,0,0,0,0,32,1,52425,32,0,0,0,58220,67867648744,404390806548
2022-03-26,Z302AKRV,0,222243552,10,0,343123251,58606,10,0,0,0,0,0,32,1,52425,32,0,0,0,58244,67876261328,404576372627
2022-03-27,Z302AKRV,0,80213984,10,0,344121892,58630,10,0,0,0,0,0,31,1,52425,31,0,0,0,58268,67885906192,404832996203
2022-03-28,Z302AKRV,0,94265320,10,0,345125329,58654,10,0,0,0,0,0,31,1,52425,31,0,0,0,58292,67897029384,405027256246
2022-03-29,Z302AKRV,0,131842440,10,0,346792780,58677,10,0,0,0,0,0,31,1,52425,31,0,0,0,58316,67906527792,405192476759
2022-03-30,Z302AKRV,0,224192872,10,0,347642775,58701,10,0,0,0,0,0,31,1,52425,31,0,0,0,58339,67919328944,405375412759
2022-03-31,Z302AKRV,0,229489544,10,0,348681817,58725,10,0,0,0,0,0,32,1,52425,32,0,0,0,58363,67932591720,405604507311
2022-04-01,Z302AKRV,0,204697960,10,0,349386830,58749,10,0,0,0,0,0,31,1,52425,31,0,0,0,58387,67944732128,405780659579
2022-04-02,Z302AKRV,0,174731800,10,0,351175299,58772,10,0,0,0,0,0,32,1,52425,32,0,0,0,58411,67960935344,405973404432
2022-04-03,Z302AKRV,0,89366464,10,0,352321769,58796,10,0,0,0,0,0,31,1,52425,31,0,0,0,58434,67983103296,406167525127
2022-04-04,Z302AKRV,0,175351344,10,0,354514388,58820,10,0,0,0,0,0,31,1,52425,31,0,0,0,58458,67998897064,406334687705
2022-04-05,Z302AKRV,0,111121664,10,0,356108930,58844,10,0,0,0,0,0,32,1,52425,32,0,0,0,58482,68017217864,406432278003
2022-04-06,Z302AKRV,0,48162752,10,0,356923165,58868,10,0,0,0,0,0,31,1,52425,31,0,0,0,58506,68031594888,406574205919
2022-04-07,Z302AKRV,0,124082040,10,0,357729907,58891,10,0,0,0,0,0,31,1,52425,31,0,0,0,58530,68045491728,406727957296
2022-04-08,Z302AKRV,0,198249008,10,0,358893525,58915,10,0,0,0,0,0,31,1,52425,31,0,0,0,58553,68064204856,406909332638
2022-04-09,Z302AKRV,0,195968344,10,0,360827587,58939,10,0,0,0,0,0,32,1,52425,32,0,0,0,58577,68077014584,407156547731
2022-04-10,Z302AKRV,0,59231744,10,0,362001501,58963,10,0,0,0,0,0,32,1,52425,32,0,0,0,58601,68092079168,407355727245
2022-04-11,Z302AKRV,0,89282656,10,0,363021691,58987,10,0,0,0,0,0,32,1,52425,32,0,0,0,58625,68107018168,407556583085
2022-04-12,Z302AKRV,0,80585552,10,0,364667671,59011,10,0,0,0,0,0,32,1,52425,32,0,0,0,58649,68117826696,407677249334
2022-04-13,Z302AKRV,0,46845576,10,0,365657960,59035,10,0,0,0,0,0,32,1,52425,32,0,0,0,58673,68134103416,407886740357
2022-04-14,Z302AKRV,0,77896520,10,0,366423689,59059,10,0,0,0,0,0,32,1,52425,32,0,0,0,58697,68147221536,408061894160
2022-04-15,Z302AKRV,0,59233808,10,0,367334460,59082,10,0,0,0,0,0,32,1,52425,32,0,0,0,58721,68167942720,408234920994
2022-04-16,Z302AKRV,0,106798496,10,0,369263029,59106,10,0,0,0,0,0,32,1,52425,32,0,0,0,58744,68185999800,408553993906
2022-04-17,Z302AKRV,0,223468032,10,0,371423737,59130,10,0,0,0,0,0,32,1,52425,32,0,0,0,58768,68203570504,408917537710
2022-04-18,Z302AKRV,0,151102280,10,0,373975978,59154,10,0,0,0,0,0,32,1,52425,32,0,0,0,58792,68218623456,409284944955
2022-04-19,Z302AKRV,0,223372440,10,0,375774104,59178,10,0,0,0,0,0,32,1,52425,32,0,0,0,58816,68233857208,409404615471
2022-04-20,Z302AKRV,0,56019464,10,0,379582866,59213,10,0,0,0,0,0,33,1,52425,33,0,0,0,58851,68251533728,410251143701
2022-04-21,Z302AKRV,0,191323184,10,0,383726214,59237,10,0,0,0,0,0,32,1,52425,32,0,0,0,58875,68252320552,410882750379
2022-04-22,Z302AKRV,0,161569904,10,0,386314040,59261,10,0,0,0,0,0,32,1,52425,32,0,0,0,58899,68260769704,411288992114
2022-04-23,Z302AKRV,0,72206584,10,0,389101714,59285,10,0,0,0,0,0,32,1,52425,32,0,0,0,58923,68275499456,411570441587
2022-04-24,Z302AKRV,0,158341128,10,0,391355828,59309,10,0,0,0,0,0,34,1,52425,34,0,0,0,58947,68287766728,411921750009
2022-04-25,Z302AKRV,0,26936920,10,0,393652196,59333,10,0,0,0,0,0,34,1,52425,34,0,0,0,58971,68301993360,412157300357
2022-04-26,Z302AKRV,0,139818080,10,0,395422917,59356,10,0,0,0,0,0,35,1,52425,35,0,0,0,58995,68313910152,412319296677
2022-04-27,Z302AKRV,0,168711144,10,0,397426483,59368,10,0,0,0,0,0,34,1,52425,34,0,0,0,59007,68319391592,412450215202
2022-04-28,Z302AKRV,0,127476384,10,0,398662442,59392,10,0,0,0,0,0,34,1,52425,34,0,0,0,59031,68338001008,412751724723
2022-04-29,Z302AKRV,0,42703256,10,0,400426113,59428,10,0,0,0,0,0,34,1,52425,34,0,0,0,59066,68356766064,413144870150
2022-04-30,Z302AKRV,0,61859384,10,0,402846507,59452,10,0,0,0,0,0,33,1,52425,33,0,0,0,59090,68368683512,413477430683
2022-05-01,Z302AKRV,0,151515000,10,0,403913814,59476,10,0,0,0,0,0,33,1,52425,33,0,0,0,59114,68382089656,413777644354
2022-05-02,Z302AKRV,0,75100928,10,0,405339950,59500,10,0,0,0,0,0,34,1,52425,34,0,0,0,59138,68397340392,413999248051
2022-05-03,Z302AKRV,0,79109424,10,0,406223781,59512,10,0,0,0,0,0,33,1,52425,33,0,0,0,59150,68408164976,414065971345
2022-05-04,Z302AKRV,0,108446544,10,0,407713170,59547,10,0,0,0,0,0,33,1,52425,33,0,0,0,59186,68441151248,414376119956
2022-05-05,Z302AKRV,0,207215720,10,0,408206928,59559,10,0,0,0,0,0,33,1,52425,33,0,0,0,59197,68451412520,414481675339
2022-05-06,Z302AKRV,0,146067928,10,0,409377688,59587,10,0,0,0,0,0,33,1,52425,33,0,0,0,59225,68476057968,414772579176
2022-05-07,Z302AKRV,0,31013592,10,0,411452388,59623,10,0,0,0,0,0,33,1,52425,33,0,0,0,59261,68501999944,415070639990
2022-05-08,Z302AKRV,0,62250984,10,0,412473305,59647,10,0,0,0,0,0,33,1,52425,33,0,0,0,59285,68525268416,415311261739
2022-05-09,Z302AKRV,0,168158648,10,0,414158613,59670,10,0,0,0,0,0,33,1,52425,33,0,0,0,59309,68544953504,415428711644
2022-05-10,Z302AKRV,0,60379720,10,0,415076496,59694,10,0,0,0,0,0,33,1,52425,33,0,0,0,59332,68561023440,415633800630
2022-05-11,Z302AKRV,0,156551768,10,0,415926925,59718,10,0,0,0,0,0,33,1,52425,33,0,0,0,59356,68575269904,415799761616
2022-05-12,Z302AKRV,0,21395688,10,0,417082481,59742,10,0,0,0,0,0,34,1,52425,34,0,0,0,59380,68591516056,416050270547
2022-05-13,Z302AKRV,0,52454888,10,0,417881413,59766,10,0,0,0,0,0,34,1,52425,34,0,0,0,59404,68609449392,416204435199
2022-05-14,Z302AKRV,0,25524312,10,0,419910905,59790,10,0,0,0,0,0,34,1,52425,34,0,0,0,59428,68627700696,416405490014
2022-05-15,Z302AKRV,0,60796880,10,0,420820338,59814,10,0,0,0,0,0,34,1,52425,34,0,0,0,59452,68640735632,416598766627
2022-05-16,Z302AKRV,0,115302480,10,0,422372595,59837,10,0,0,0,0,0,34,1,52425,34,0,0,0,59476,68663884888,416703897545
2022-05-17,Z302AKRV,0,196611576,10,0,423284724,59861,10,0,0,0,0,0,34,1,52425,34,0,0,0,59500,68684367368,416815109911
2022-05-18,Z302AKRV,0,227793040,10,0,424375011,59873,10,0,0,0,0,0,34,1,52425,34,0,0,0,59512,68695181304,416887221235
2022-05-19,Z302AKRV,0,223942712,10,0,425923366,59897,10,0,0,0,0,0,34,1,52425,34,0,0,0,59535,68716913512,417054701400
2022-05-20,Z302AKRV,0,231228312,10,0,426960873,59921,10,0,0,0,0,0,34,1,52425,34,0,0,0,59559,68743204736,417219073090
2022-05-21,Z302AKRV,0,214279152,10,0,428705007,59945,10,0,0,0,0,0,34,1,52425,34,0,0,0,59583,68763385608,417446162354
2022-05-22,Z302AKRV,0,92522504,10,0,430157283,59969,10,0,0,0,0,0,34,1,52425,34,0,0,0,59607,68778581040,417659486053
2022-05-23,Z302AKRV,0,127297344,10,0,431095509,59993,10,0,0,0,0,0,34,1,52425,34,0,0,0,59631,68793278824,417845870026
2022-05-24,Z302AKRV,0,143470208,10,0,432911842,60017,10,0,0,0,0,0,34,1,52425,34,0,0,0,59655,68810801072,417985677069
2022-05-25,Z302AKRV,0,186417488,10,0,434261093,60052,10,0,0,0,0,0,34,1,52425,34,0,0,0,59691,68838792344,418261649960
2022-05-26,Z302AKRV,0,2049368,10,0,435187229,60076,10,0,0,0,0,0,34,1,52425,34,0,0,0,59714,68855677032,418448558721
2022-05-27,Z302AKRV,0,33806272,10,0,436233787,60100,10,0,0,0,0,0,34,1,52425,34,0,0,0,59738,68874230896,418642946838
2022-05-28,Z302AKRV,0,193566536,10,0,438414449,60124,10,0,0,0,0,0,34,1,52425,34,0,0,0,59762,68889467000,418849216608
2022-05-29,Z302AKRV,0,197563056,10,0,439488114,60148,10,0,0,0,0,0,34,1,52425,34,0,0,0,59786,68905781280,419102562418
2022-05-30,Z302AKRV,0,14016776,10,0,441035689,60171,10,0,0,0,0,0,34,1,52425,34,0,0,0,59810,68916090568,419371966676
2022-05-31,Z302AKRV,0,58205896,10,0,443094722,60195,10,0,0,0,0,0,34,1,52425,34,0,0,0,59833,68929134360,419603008637
2022-06-01,Z302AKRV,0,61390488,10,0,445667146,60219,10,0,0,0,0,0,34,1,52425,34,0,0,0,59857,68944109176,419969666731
2022-06-02,Z302AKRV,0,126396720,10,0,447345865,60243,10,0,0,0,0,0,34,1,52425,34,0,0,0,59881,68958456208,420228491694
2022-06-03,Z302AKRV,0,207374544,10,0,448681858,60267,10,0,0,0,0,0,34,1,52425,34,0,0,0,59905,68971418656,420421833133
2022-06-04,Z302AKRV,0,22490816,10,0,452055603,60291,10,0,0,0,0,0,34,1,52425,34,0,0,0,59929,68986905296,420796944031
2022-06-05,Z302AKRV,0,190828480,10,0,454579044,60314,10,0,0,0,0,0,34,1,52425,34,0,0,0,59953,69010178520,421125689365
2022-06-06,Z302AKRV,0,115663608,10,0,456430159,60338,10,0,0,0,0,0,34,1,52425,34,0,0,0,59976,69025840288,421363294425
2022-06-07,Z302AKRV,0,185757664,10,0,459751492,60362,10,0,0,0,0,0,34,1,52425,34,0,0,0,60000,69040619752,421620150581
2022-06-08,Z302AKRV,0,67729216,10,0,460994375,60386,10,0,0,0,0,0,34,1,52425,34,0,0,0,60024,69056978280,421916264350
2022-06-09,Z302AKRV,0,169442616,10,0,462166468,60410,10,0,0,0,0,0,34,1,52425,34,0,0,0,60048,69076060984,422146294949
2022-06-10,Z302AKRV,0,150879768,10,0,463442519,60434,10,0,0,0,0,0,34,1,52425,34,0,0,0,60072,69092562744,422444429527
2022-06-11,Z302AKRV,0,41956752,10,0,465882262,60457,10,0,0,0,0,0,34,1,52425,34,0,0,0,60096,69112993272,422771153701
2022-06-12,Z302AKRV,0,14253704,10,0,466979597,60481,10,0,0,0,0,0,34,1,52425,34,0,0,0,60120,69128674720,423033712613
2022-06-13,Z302AKRV,0,71079976,10,0,468013930,60505,10,0,0,0,0,0,33,1,52425,33,0,0,0,60144,69142897712,423228594799
2022-06-14,Z302AKRV,0,40393056,10,0,469639648,60529,10,0,0,0,0,0,33,1,52425,33,0,0,0,60167,69155348872,423363027234
2022-06-15,Z302AKRV,0,83289184,10,0,470624622,60553,10,0,0,0,0,0,34,1,52425,34,0,0,0,60191,69172081896,423593600251
2022-06-16,Z302AKRV,0,10260712,10,0,471669302,60577,10,0,0,0,0,0,34,1,52425,34,0,0,0,60215,69189194856,423828680970
2022-06-17,Z302AKRV,0,173724544,10,0,472488077,60601,10,0,0,0,0,0,34,1,52425,34,0,0,0,60239,69204481968,423968597584
2022-06-18,Z302AKRV,0,200874656,10,0,474295340,60625,10,0,0,0,0,0,34,1,52425,34,0,0,0,60263,69219474872,424239228959
2022-06-19,Z302AKRV,0,166691368,10,0,475238178,60649,10,0,0,0,0,0,34,1,52425,34,0,0,0,60287,69236032936,424432762458
2022-06-20,Z302AKRV,0,196552576,10,0,476542764,60672,10,0,0,0,0,0,34,1,52425,34,0,0,0,60311,69251517176,424619910245
2022-06-21,Z302AKRV,0,69674528,10,0,478126591,60696,10,0,0,0,0,0,34,1,52425,34,0,0,0,60334,69269497600,424780362254
2022-06-22,Z302AKRV,0,32719560,10,0,479101559,60720,10,0,0,0,0,0,34,1,52425,34,0,0,0,60358,69284699736,424964567403
2022-06-23,Z302AKRV,0,173270256,10,0,480027761,60744,10,0,0,0,0,0,34,1,52425,34,0,0,0,60382,69299533880,425172427119
2022-06-24,Z302AKRV,0,300344,10,0,480873184,60767,10,0,0,0,0,0,34,1,52425,34,0,0,0,60406,69320624440,425336113175
2022-06-25,Z302AKRV,0,8387760,10,0,483096982,60791,10,0,0,0,0,0,34,1,52425,34,0,0,0,60430,69334824304,425568818756
2022-06-26,Z302AKRV,0,2279416,10,0,484060897,60815,10,0,0,0,0,0,34,1,52425,34,0,0,0,60453,69354043784,425721545206
2022-06-27,Z302AKRV,0,71652080,10,0,486358703,60839,10,0,0,0,0,0,33,1,52425,33,0,0,0,60477,69373777008,425864724512
2022-06-28,Z302AKRV,0,167172088,10,0,488006790,60863,10,0,0,0,0,0,34,1,52425,34,0,0,0,60501,69392885184,425971361590
2022-06-29,Z302AKRV,0,33698672,10,0,488960523,60886,10,0,0,0,0,0,33,1,52425,33,0,0,0,60525,69408269168,426122718342
2022-06-30,Z302AKRV,0,121478640,10,0,490019159,60910,10,0,0,0,0,0,33,1,52425,33,0,0,0,60549,69433125944,426309108440
2022-07-01,Z302AKRV,0,105558160,10,0,490994669,60934,10,0,0,0,0,0,33,1,52425,33,0,0,0,60573,69450936768,426527971433
2022-07-02,Z302AKRV,0,226168328,10,0,493142175,60958,10,0,0,0,0,0,33,1,52425,33,0,0,0,60596,69471715456,426744632783
2022-07-03,Z302AKRV,0,108494688,10,0,494295449,60982,10,0,0,0,0,0,34,1,52425,34,0,0,0,60620,69490031040,426944841758
2022-07-04,Z302AKRV,0,197331104,10,0,495385052,61006,10,0,0,0,0,0,33,1,52425,33,0,0,0,60644,69507761256,427127126623
2022-07-05,Z302AKRV,0,216692096,10,0,497135006,61030,10,0,0,0,0,0,33,1,52425,33,0,0,0,60668,69525504736,427270836193
2022-07-06,Z302AKRV,0,120012472,10,0,498102201,61054,10,0,0,0,0,0,33,1,52425,33,0,0,0,60692,69546020000,427468075948
2022-07-07,Z302AKRV,0,107282400,10,0,499015985,61077,10,0,0,0,0,0,33,1,52425,33,0,0,0,60716,69561396144,427647213950
2022-07-08,Z302AKRV,0,111938608,10,0,499998515,61101,10,0,0,0,0,0,33,1,52425,33,0,0,0,60739,69593491032,427807168807
2022-07-09,Z302AKRV,0,168611456,11,0,501960838,61125,11,0,0,0,0,0,34,1,52427,34,0,0,0,60763,69616040912,428012013463
2022-07-10,Z302AKRV,0,70065360,12,0,502888680,61149,12,0,0,0,0,0,34,1,52428,34,0,0,0,60787,69631569816,428179722382
2022-07-11,Z302AKRV,0,139023832,12,0,504213225,61173,12,0,0,0,0,0,34,1,52428,34,0,0,0,60811,69647355960,428459865191
2022-07-12,Z302AKRV,0,134156288,12,0,506102447,61197,12,0,0,0,0,0,34,1,52428,34,0,0,0,60835,69668419272,428676502968
2022-07-13,Z302AKRV,0,241158824,12,0,508251885,61221,12,0,0,0,0,0,33,1,52428,33,0,0,0,60859,69688095216,429007853362
2022-07-14,Z302AKRV,0,95371184,12,0,510687179,61245,12,0,0,0,0,0,33,1,52428,33,0,0,0,60883,69706482184,429318995995
2022-07-15,Z302AKRV,0,232894664,12,0,513636392,61269,12,0,0,0,0,0,34,1,52428,34,0,0,0,60907,69722942920,429615142925
2022-07-16,Z302AKRV,0,99126888,12,0,515868911,61294,12,0,0,0,0,0,34,1,52428,34,0,0,0,60932,69739857744,429824161045
2022-07-17,Z302AKRV,0,50355232,12,0,518296391,61317,12,0,0,0,0,0,33,1,52428,33,0,0,0,60955,69759214584,430168767365
2022-07-18,Z302AKRV,0,108433368,12,0,520747141,61341,12,0,0,0,0,0,34,1,52428,34,0,0,0,60979,69777545904,430474386785
2022-07-19,Z302AKRV,0,95164528,12,0,522686771,61365,12,0,0,0,0,0,34,1,52428,34,0,0,0,61003,69797958248,430620164441
2022-07-20,Z302AKRV,0,242284072,12,0,524048061,61389,12,0,0,0,0,0,34,1,52428,34,0,0,0,61027,69814750552,430940427781
2022-07-21,Z302AKRV,0,200746296,12,0,525365381,61413,12,0,0,0,0,0,34,1,52428,34,0,0,0,61051,69830573904,431251465187
2022-07-22,Z302AKRV,0,143163408,12,0,526584490,61437,12,0,0,0,0,0,34,1,52428,34,0,0,0,61075,69847398648,431486177557
2022-07-23,Z302AKRV,0,215882048,12,0,528558184,61460,12,0,0,0,0,0,34,1,52428,34,0,0,0,61098,69869255144,431792625306
2022-07-24,Z302AKRV,0,63574072,12,0,530118743,61484,12,0,0,0,0,0,34,1,52428,34,0,0,0,61122,69888664792,432087561489
2022-07-25,Z302AKRV,0,153584552,12,0,531213698,61508,12,0,0,0,0,0,33,1,52428,33,0,0,0,61146,69909549360,432334141367
2022-07-26,Z302AKRV,0,237979856,12,0,532912743,61532,12,0,0,0,0,0,33,1,52428,33,0,0,0,61170,69927697384,432443033374
2022-07-27,Z302AKRV,0,85345200,12,0,534667895,61556,12,0,0,0,0,0,33,1,52428,33,0,0,0,61194,69945485912,432640130831
2022-07-28,Z302AKRV,0,154338944,12,0,535602724,61579,12,0,0,0,0,0,33,1,52428,33,0,0,0,61217,69961055552,432830223482
2022-07-29,Z302AKRV,0,35491152,12,0,536714641,61603,12,0,0,0,0,0,34,1,52428,34,0,0,0,61241,69983199352,433084685729
2022-07-30,Z302AKRV,0,32096528,12,0,538335893,61627,12,0,0,0,0,0,33,1,52428,33,0,0,0,61265,70005383600,433327662820
2022-07-31,Z302AKRV,0,236876016,12,0,540075447,61651,12,0,0,0,0,0,33,1,52428,33,0,0,0,61289,70023540912,433543287887
2022-08-01,Z302AKRV,0,164534240,12,0,541088404,61675,12,0,0,0,0,0,33,1,52428,33,0,0,0,61313,70037321160,433754090626
2022-08-02,Z302AKRV,0,213387952,12,0,542958816,61699,12,0,0,0,0,0,33,1,52428,33,0,0,0,61337,70056759264,433874707638
2022-08-03,Z302AKRV,0,72466904,12,0,543956308,61723,12,0,0,0,0,0,33,1,52428,33,0,0,0,61361,70079207688,434076208125
2022-08-04,Z302AKRV,0,228742064,12,0,545024658,61746,12,0,0,0,0,0,33,1,52428,33,0,0,0,61384,70100681472,434253012302
2022-08-05,Z302AKRV,0,92493552,12,0,545924211,61770,12,0,0,0,0,0,33,1,52428,33,0,0,0,61408,70122285584,434417892019
2022-08-06,Z302AKRV,0,33090352,12,0,547738287,61794,12,0,0,0,0,0,33,1,52428,33,0,0,0,61432,70142473232,434618692376
2022-08-07,Z302AKRV,0,87438408,12,0,548984057,61818,12,0,0,0,0,0,33,1,52428,33,0,0,0,61456,70158708568,434792369585
2022-08-08,Z302AKRV,0,52394280,12,0,549818704,61841,12,0,0,0,0,0,33,1,52428,33,0,0,0,61479,70181024280,434920300248
2022-08-09,Z302AKRV,0,179201304,12,0,551702161,61865,12,0,0,0,0,0,33,1,52428,33,0,0,0,61503,70206866616,435032084829
2022-08-10,Z302AKRV,0,207480648,12,0,553448028,61889,12,0,0,0,0,0,34,1,52428,34,0,0,0,61527,70230621616,435211122527
2022-08-11,Z302AKRV,0,180426192,12,0,554516775,61913,12,0,0,0,0,0,33,1,52428,33,0,0,0,61551,70251124240,435434914038
2022-08-12,Z302AKRV,0,186837904,12,0,555502480,61937,12,0,0,0,0,0,34,1,52428,34,0,0,0,61575,70280086968,435611019794
2022-08-13,Z302AKRV,0,147590376,12,0,557327136,61961,12,0,0,0,0,0,34,1,52428,34,0,0,0,61599,70303399496,435831792977
2022-08-14,Z302AKRV,0,131575200,12,0,558832788,61985,12,0,0,0,0,0,33,1,52428,33,0,0,0,61623,70323399360,436038180354
2022-08-15,Z302AKRV,0,194213848,12,0,559829467,62008,12,0,0,0,0,0,33,1,52428,33,0,0,0,61647,70343832080,436253617204
2022-08-16,Z302AKRV,0,45843448,12,0,562241049,62044,12,0,0,0,0,0,34,1,52428,34,0,0,0,61682,70376557944,436491253824
2022-08-17,Z302AKRV,0,108488232,12,0,562699058,62056,12,0,0,0,0,0,34,1,52428,34,0,0,0,61694,70385000768,436584889435
2022-08-18,Z302AKRV,0,50687704,12,0,563740341,62080,12,0,0,0,0,0,34,1,52428,34,0,0,0,61718,70409753744,436768078294
2022-08-19,Z302AKRV,0,36385416,12,0,564752117,62104,12,0,0,0,0,0,34,1,52428,34,0,0,0,61742,70433533008,436943156016
2022-08-20,Z302AKRV,0,69490768,12,0,566556621,62127,12,0,0,0,0,0,33,1,52428,33,0,0,0,61766,70455716120,437160855803
2022-08-21,Z302AKRV,0,111629696,12,0,568308847,62151,12,0,0,0,0,0,33,1,52428,33,0,0,0,61789,70478048824,437366101912
2022-08-22,Z302AKRV,0,75275264,12,0,570470633,62175,12,0,0,0,0,0,34,1,52428,34,0,0,0,61813,70495176200,437566897922
2022-08-23,Z302AKRV,0,117562168,12,0,572222700,62199,12,0,0,0,0,0,34,1,52428,34,0,0,0,61837,70513370560,437663377937
2022-08-24,Z302AKRV,0,90076488,12,0,574142499,62235,12,0,0,0,0,0,33,1,52428,33,0,0,0,61873,70554704344,438081525463
2022-08-25,Z302AKRV,0,150875192,12,0,576342850,62259,12,0,0,0,0,0,34,1,52428,34,0,0,0,61897,70591886184,438440351848
2022-08-26,Z302AKRV,0,32525800,12,0,578849958,62282,12,0,0,0,0,0,34,1,52428,34,0,0,0,61920,70613068040,438788685688
2022-08-27,Z302AKRV,0,113409216,12,0,581500920,62306,12,0,0,0,0,0,34,1,52428,34,0,0,0,61944,70633349088,439046208388
2022-08-28,Z302AKRV,0,133869248,12,0,583807492,62330,12,0,0,0,0,0,34,1,52428,34,0,0,0,61968,70657240336,439344372924
2022-08-29,Z302AKRV,0,43125512,12,0,586419874,62354,12,0,0,0,0,0,34,1,52428,34,0,0,0,61992,70675548048,439617565539
2022-08-30,Z302AKRV,0,13487272,12,0,588800229,62378,12,0,0,0,0,0,33,1,52428,33,0,0,0,62016,70700944216,439795849407
2022-08-31,Z302AKRV,0,123641584,12,0,590538668,62401,12,0,0,0,0,0,34,1,52428,34,0,0,0,62040,70725063496,440063460976
2022-09-01,Z302AKRV,0,8532712,12,0,591798935,62425,12,0,0,0,0,0,34,1,52428,34,0,0,0,62063,70750584232,440289229219
2022-09-02,Z302AKRV,0,28922448,12,0,593355469,62449,12,0,0,0,0,0,34,1,52428,34,0,0,0,62087,70777133456,440650405437
2022-09-03,Z302AKRV,0,722496,12,0,595980146,62473,12,0,0,0,0,0,34,1,52428,34,0,0,0,62111,70802349168,440928453016
2022-09-04,Z302AKRV,0,184682040,12,0,597344093,62497,12,0,0,0,0,0,34,1,52428,34,0,0,0,62135,70829199936,441226689259
2022-09-05,Z302AKRV,0,235347240,12,0,598888607,62521,12,0,0,0,0,0,34,1,52428,34,0,0,0,62159,70858234376,441471795222
2022-09-06,Z302AKRV,0,217098184,12,0,600524473,62545,12,0,0,0,0,0,34,1,52428,34,0,0,0,62183,70882126784,441650703029
2022-09-07,Z302AKRV,0,165534696,12,0,601616746,62569,12,0,0,0,0,0,34,1,52428,34,0,0,0,62207,70913206728,441865996396
2022-09-08,Z302AKRV,0,131634040,12,0,602528056,62593,12,0,0,0,0,0,34,1,52428,34,0,0,0,62231,70937462592,442027320006
2022-09-09,Z302AKRV,0,27353712,12,0,603870622,62617,12,0,0,0,0,0,34,1,52428,34,0,0,0,62255,70963960520,442215420567
2022-09-10,Z302AKRV,0,191916432,12,0,606896115,62640,12,0,0,0,0,0,29,1,52428,29,0,0,0,62278,70990678432,442503023640
2022-09-11,Z302AKRV,0,72522552,12,0,608209395,62664,12,0,0,0,0,0,34,1,52428,34,0,0,0,62302,71021370696,442726105481
2022-09-12,Z302AKRV,0,126959784,12,0,609687281,62688,12,0,0,0,0,0,33,1,52428,33,0,0,0,62326,71046839768,442932327635
2022-09-13,Z302AKRV,0,33366928,12,0,611355417,62712,12,0,0,0,0,0,34,1,52428,34,0,0,0,62350,71071828360,443053966434
2022-09-14,Z302AKRV,0,238353360,12,0,612559307,62736,12,0,0,0,0,0,34,1,52428,34,0,0,0,62374,71100834832,443255623835
2022-09-15,Z302AKRV,0,149397968,12,0,613677068,62760,12,0,0,0,0,0,33,1,52428,33,0,0,0,62398,71127936912,443434017965
2022-09-16,Z302AKRV,0,30537840,12,0,614758111,62784,12,0,0,0,0,0,34,1,52428,34,0,0,0,62422,71159341024,443585863434
2022-09-17,Z302AKRV,0,155321720,12,0,617104661,62807,12,0,0,0,0,0,34,1,52428,34,0,0,0,62445,71180815032,443854983312
2022-09-18,Z302AKRV,0,100943136,12,0,618080884,62831,12,0,0,0,0,0,33,1,52428,33,0,0,0,62469,71208036800,444015286170
2022-09-19,Z302AKRV,0,84766016,12,0,619427993,62855,12,0,0,0,0,0,33,1,52428,33,0,0,0,62493,71242612968,444192594252
2022-09-20,Z302AKRV,0,192079304,12,0,621193179,62879,12,0,0,0,0,0,33,1,52428,33,0,0,0,62517,71269212456,444318936360
2022-09-21,Z302AKRV,0,50025464,12,0,622225818,62902,12,0,0,0,0,0,33,1,52428,33,0,0,0,62540,71301282872,444449058041
2022-09-22,Z302AKRV,0,155566880,12,0,623306866,62926,12,0,0,0,0,0,33,1,52428,33,0,0,0,62564,71328239432,444606271269
2022-09-23,Z302AKRV,0,176512016,12,0,624327933,62950,12,0,0,0,0,0,34,1,52428,34,0,0,0,62588,71352188960,444749412951
2022-09-24,Z302AKRV,0,240402936,12,0,626633425,62974,12,0,0,0,0,0,34,1,52428,34,0,0,0,62612,71370930968,444964749230
2022-09-25,Z302AKRV,0,113337096,12,0,627630470,62998,12,0,0,0,0,0,33,1,52428,33,0,0,0,62636,71385576384,445174906542
2022-09-26,Z302AKRV,0,166991296,12,0,629720051,63021,12,0,0,0,0,0,33,1,52428,33,0,0,0,62660,71403532480,445368991751
2022-09-27,Z302AKRV,0,12655200,12,0,631456523,63045,12,0,0,0,0,0,34,1,52428,34,0,0,0,62683,71417764168,445494044895
2022-09-28,Z302AKRV,0,130897984,12,0,632382797,63069,12,0,0,0,0,0,34,1,52428,34,0,0,0,62707,71429094256,445688854693
2022-09-29,Z302AKRV,0,55101248,12,0,633369346,63093,12,0,0,0,0,0,34,1,52428,34,0,0,0,62731,71445246064,445876982428
2022-09-30,Z302AKRV,0,46290144,12,0,634323127,63117,12,0,0,0,0,0,33,1,52428,33,0,0,0,62755,71455729792,446076286470
2022-10-01,Z302AKRV,0,110571176,12,0,636456343,63141,12,0,0,0,0,0,33,1,52428,33,0,0,0,62779,71471850992,446309251292
2022-10-02,Z302AKRV,0,72473544,12,0,637796306,63165,12,0,0,0,0,0,33,1,52428,33,0,0,0,62803,71490681592,446542805620
2022-10-03,Z302AKRV,0,144819088,12,0,639379046,63189,12,0,0,0,0,0,34,1,52428,34,0,0,0,62827,71512563096,446754585138
2022-10-04,Z302AKRV,0,118875120,12,0,641195615,63213,12,0,0,0,0,0,34,1,52428,34,0,0,0,62851,71530406352,446887262544
2022-10-05,Z302AKRV,0,12713224,12,0,642243003,63237,12,0,0,0,0,0,34,1,52428,34,0,0,0,62875,71546409616,447083082294
2022-10-06,Z302AKRV,0,174823440,12,0,643269738,63261,12,0,0,0,0,0,34,1,52428,34,0,0,0,62899,71558869480,447262907003
2022-10-07,Z302AKRV,0,39303816,12,0,644121558,63285,12,0,0,0,0,0,34,1,52428,34,0,0,0,62923,71566969680,447437649154
2022-10-08,Z302AKRV,0,127074328,12,0,646072495,63308,12,0,0,0,0,0,34,1,52428,34,0,0,0,62946,71576465544,447637561729
2022-10-09,Z302AKRV,0,123560992,12,0,647426406,63332,12,0,0,0,0,0,33,1,52428,33,0,0,0,62970,71589760752,447916013569
2022-10-10,Z302AKRV,0,32881608,12,0,649128307,63356,12,0,0,0,0,0,33,1,52428,33,0,0,0,62994,71605057096,448260316932
2022-10-11,Z302AKRV,0,42844680,12,0,651120850,63380,12,0,0,0,0,0,34,1,52428,34,0,0,0,63018,71614474832,448402369021
2022-10-12,Z302AKRV,0,134210576,12,0,653446680,63404,12,0,0,0,0,0,34,1,52428,34,0,0,0,63042,71626732248,448740906840
2022-10-13,Z302AKRV,0,222611136,12,0,655163662,63427,12,0,0,0,0,0,33,1,52428,33,0,0,0,63066,71636349368,449000667736
2022-10-14,Z302AKRV,0,159616632,12,0,657582158,63451,12,0,0,0,0,0,33,1,52428,33,0,0,0,63089,71650027608,449241062478
2022-10-15,Z302AKRV,0,80700736,12,0,660441285,63475,12,0,0,0,0,0,34,1,52428,34,0,0,0,63113,71662201952,449592905894
2022-10-16,Z302AKRV,0,150322520,13,0,663167320,63500,13,0,0,0,0,0,33,1,52429,33,0,0,0,63137,71675286552,449898795404
2022-10-17,Z302AKRV,0,215476168,13,0,664416922,63523,13,0,0,0,0,0,33,1,52429,33,0,0,0,63161,71686169840,450206239318
2022-10-18,Z302AKRV,0,143420512,13,0,666411290,63547,13,0,0,0,0,0,33,1,52429,33,0,0,0,63185,71695042152,450416298665
2022-10-19,Z302AKRV,0,104180680,13,0,668016538,63571,13,0,0,0,0,0,33,1,52429,33,0,0,0,63209,71707959792,450666964223
2022-10-20,Z302AKRV,0,148512912,14,0,669039831,63595,14,0,0,0,0,0,33,1,52430,33,0,0,0,63233,71723107616,450926441155
2022-10-21,Z302AKRV,0,185138024,14,0,670222835,63619,14,0,0,0,0,0,33,1,52430,33,0,0,0,63257,71733843104,451214034714
2022-10-22,Z302AKRV,0,227241272,14,0,672181600,63643,14,0,0,0,0,0,33,1,52430,33,0,0,0,63280,71744973336,451473668973
2022-10-23,Z302AKRV,0,160355304,14,0,673376605,63667,14,0,0,0,0,0,33,1,52430,33,0,0,0,63304,71755702208,451675986921
2022-10-24,Z302AKRV,0,219046328,14,0,674286929,63690,14,0,0,0,0,0,33,1,52430,33,0,0,0,63328,71764588632,451902021008
2022-10-25,Z302AKRV,0,109925552,14,0,676619410,63726,14,0,0,0,0,0,33,1,52430,33,0,0,0,63364,71781791568,452161395945
2022-10-26,Z302AKRV,0,105215960,14,0,677618405,63750,14,0,0,0,0,0,34,1,52430,34,0,0,0,63388,71796665904,452390558845
2022-10-27,Z302AKRV,0,121180608,14,0,678454626,63774,14,0,0,0,0,0,33,1,52430,33,0,0,0,63412,71813798032,452547972328
2022-10-28,Z302AKRV,0,59262800,14,0,679458974,63798,14,0,0,0,0,0,33,1,52430,33,0,0,0,63435,71826268736,452761902215
2022-10-29,Z302AKRV,0,151786408,14,0,681671651,63821,14,0,0,0,0,0,34,1,52430,34,0,0,0,63459,71838348648,453007947233
2022-10-30,Z302AKRV,0,39740096,14,0,682418778,63845,14,0,0,0,0,0,34,1,52430,34,0,0,0,63483,71849408768,453170080571
2022-10-31,Z302AKRV,0,62090568,14,0,683894599,63869,14,0,0,0,0,0,33,1,52430,33,0,0,0,63507,71859763272,453299951427
2022-11-01,Z302AKRV,0,61896664,14,0,685888112,63893,14,0,0,0,0,0,34,1,52430,34,0,0,0,63531,71870658952,453488885018
2022-11-02,Z302AKRV,0,156635824,14,0,686322544,63905,14,0,0,0,0,0,34,1,52430,34,0,0,0,63542,71874949312,453566000500
2022-11-03,Z302AKRV,0,214302240,14,0,687036022,63928,14,0,0,0,0,0,33,1,52430,33,0,0,0,63566,71887298752,453664332195
2022-11-04,Z302AKRV,0,114806904,14,0,687589325,63952,14,0,0,0,0,0,33,1,52430,33,0,0,0,63590,71901104616,453723558079
2022-11-05,Z302AKRV,0,104115952,14,0,689110649,63976,14,0,0,0,0,0,33,1,52430,33,0,0,0,63614,71916809624,453841621067
2022-11-06,Z302AKRV,0,172665656,14,0,690404301,64000,14,0,0,0,0,0,33,1,52430,33,0,0,0,63637,71932480504,453982582429
2022-11-07,Z302AKRV,0,150539888,14,0,691487572,64023,14,0,0,0,0,0,34,1,52430,34,0,0,0,63661,71957466384,454173103418
2022-11-08,Z302AKRV,0,62565112,14,0,693431449,64047,14,0,0,0,0,0,33,1,52430,33,0,0,0,63685,71979548528,454302014294
2022-11-09,Z302AKRV,0,168630856,14,0,694812343,64083,14,0,0,0,0,0,34,1,52430,34,0,0,0,63720,72009642256,454553161355
2022-11-10,Z302AKRV,0,100750088,14,0,695687560,64106,14,0,0,0,0,0,34,1,52430,34,0,0,0,63744,72023942624,454721464576
2022-11-11,Z302AKRV,0,44022848,14,0,696507930,64130,14,0,0,0,0,0,33,1,52430,33,0,0,0,63767,72037345944,454896109185
2022-11-12,Z302AKRV,0,179622160,14,0,698710141,64153,14,0,0,0,0,0,34,1,52430,34,0,0,0,63791,72047991080,455132658753
2022-11-13,Z302AKRV,0,45405320,14,0,699633937,64177,14,0,0,0,0,0,33,1,52430,33,0,0,0,63814,72067137416,455318205337
2022-11-14,Z302AKRV,0,16014424,14,0,700926053,64200,14,0,0,0,0,0,33,1,52430,33,0,0,0,63838,72079351904,455495422380
2022-11-15,Z302AKRV,0,168647552,14,0,703502914,64224,14,0,0,0,0,0,34,1,52430,34,0,0,0,63861,72094215504,455686451696
2022-11-16,Z302AKRV,0,216834080,14,0,704719370,64247,14,0,0,0,0,0,34,1,52430,34,0,0,0,63885,72107183272,455872340212
2022-11-17,Z302AKRV,0,187599064,14,0,707785878,64271,14,0,0,0,0,0,34,1,52430,34,0,0,0,63909,72122144744,455979715819
2022-11-18,Z302AKRV,0,4006592,14,0,710372212,64295,14,0,0,0,0,0,34,1,52430,34,0,0,0,63933,72124431064,456080971641
2022-11-19,Z302AKRV,0,117542496,14,0,712834205,64319,14,0,0,0,0,0,33,1,52430,33,0,0,0,63956,72126429336,456179427913
2022-11-20,Z302AKRV,0,116751224,14,0,713755755,64343,14,0,0,0,0,0,33,1,52430,33,0,0,0,63980,72128858144,456391832985
2022-11-21,Z302AKRV,0,37777856,14,0,714912014,64366,14,0,0,0,0,0,33,1,52430,33,0,0,0,64004,72131522216,456571695490
2022-11-22,Z302AKRV,0,6903560,14,0,716411677,64390,14,0,0,0,0,0,34,1,52430,34,0,0,0,64028,72133754720,456733452236
2022-11-23,Z302AKRV,0,156916216,14,0,717193182,64414,14,0,0,0,0,0,34,1,52430,34,0,0,0,64052,72136214224,456908147292
2022-11-24,Z302AKRV,0,209983656,14,0,717840458,64438,14,0,0,0,0,0,34,1,52430,34,0,0,0,64076,72138112152,457055747990
2022-11-25,Z302AKRV,0,161517616,14,0,718703771,64462,14,0,0,0,0,0,33,1,52430,33,0,0,0,64100,72140454768,457267769238
2022-11-26,Z302AKRV,0,143591608,14,0,721723012,64486,14,0,0,0,0,0,33,1,52430,33,0,0,0,64123,72145426760,457659052250
2022-11-27,Z302AKRV,0,59656344,14,0,724612637,64509,14,0,0,0,0,0,34,1,52430,34,0,0,0,64147,72147708024,458013433211
2022-11-28,Z302AKRV,0,28709896,14,0,726453874,64533,14,0,0,0,0,0,33,1,52430,33,0,0,0,64171,72149721432,458295154265
2022-11-29,Z302AKRV,0,184350176,14,0,728337570,64557,14,0,0,0,0,0,34,1,52430,34,0,0,0,64195,72173673768,458451129609
2022-11-30,Z302AKRV,0,76359840,14,0,729948203,64581,14,0,0,0,0,0,33,1,52430,33,0,0,0,64219,72177029344,458721393041
2022-12-01,Z302AKRV,0,204461752,14,0,732177935,64605,14,0,0,0,0,0,35,1,52430,35,0,0,0,64242,72190845160,459041401430
2022-12-02,Z302AKRV,0,222748784,14,0,733883522,64628,14,0,0,0,0,0,34,1,52430,34,0,0,0,64266,72206967376,459330895234
2022-12-03,Z302AKRV,0,54482432,14,0,735939673,64652,14,0,0,0,0,0,33,1,52430,33,0,0,0,64290,72237093064,459689769671
2022-12-04,Z302AKRV,0,239474624,14,0,737857782,64676,14,0,0,0,0,0,34,1,52430,34,0,0,0,64314,72260935240,459950589587
2022-12-05,Z302AKRV,0,25646584,14,0,738991237,64700,14,0,0,0,0,0,34,1,52430,34,0,0,0,64338,72283889592,460225574246
2022-12-06,Z302AKRV,0,9488104,14,0,740825853,64724,14,0,0,0,0,0,34,1,52430,34,0,0,0,64361,72307644080,460386440837
2022-12-07,Z302AKRV,0,31360416,14,0,741917087,64747,14,0,0,0,0,0,33,1,52430,33,0,0,0,64385,72327500808,460645742351
2022-12-08,Z302AKRV,0,1767288,14,0,743614542,64772,14,0,0,0,0,0,33,1,52430,33,0,0,0,64409,72328568640,460865268904
2022-12-09,Z302AKRV,0,24855736,14,0,744253341,64796,14,0,0,0,0,0,34,1,52430,34,0,0,0,64433,72329057264,461055506764
2022-12-11,Z302AKRV,0,238490488,14,0,746960708,64844,14,0,0,0,0,0,34,1,52430,34,0,0,0,64482,72330512272,461530775605
2022-12-11,Z302AKRV,0,238490488,14,0,746960708,64844,14,0,0,0,0,0,34,1,52430,34,0,0,0,64482,72330512272,461530775605
2022-12-12,Z302AKRV,0,24409792,14,0,747798570,64868,14,0,0,0,0,0,33,1,52430,33,0,0,0,64506,72331324032,461747641482
2022-12-13,Z302AKRV,0,14592944,14,0,749387095,64892,14,0,0,0,0,0,33,1,52430,33,0,0,0,64530,72332071840,461890920098
2022-12-14,Z302AKRV,0,175190296,14,0,750183199,64916,14,0,0,0,0,0,33,1,52430,33,0,0,0,64554,72332815592,462094367010
2022-12-15,Z302AKRV,0,9237192,14,0,750718083,64940,14,0,0,0,0,0,33,1,52430,33,0,0,0,64578,72333269368,462226518940
2022-12-16,Z302AKRV,0,202480512,14,0,751490142,64964,14,0,0,0,0,0,33,1,52430,33,0,0,0,64602,72333709776,462426434301
2022-12-17,Z302AKRV,0,239077416,14,0,753482388,64988,14,0,0,0,0,0,33,1,52430,33,0,0,0,64626,72334194952,462617814919
2022-12-18,Z302AKRV,0,24399720,14,0,754072561,65011,14,0,0,0,0,0,33,1,52430,33,0,0,0,64649,72334657384,462778241176
2022-12-19,Z302AKRV,0,201993928,14,0,754542450,65035,14,0,0,0,0,0,34,1,52430,34,0,0,0,64673,72335120840,462887003031
2022-12-20,Z302AKRV,0,199883272,14,0,756004472,65059,14,0,0,0,0,0,33,1,52430,33,0,0,0,64697,72335469568,462981406862
2022-12-21,Z302AKRV,0,117714448,14,0,756574491,65083,14,0,0,0,0,0,34,1,52430,34,0,0,0,64720,72335931000,463100855529
2022-12-22,Z302AKRV,0,226213480,14,0,757411440,65107,14,0,0,0,0,0,33,1,52430,33,0,0,0,64744,72336373888,463317769828
2022-12-23,Z302AKRV,0,113195456,14,0,758787145,65131,14,0,0,0,0,0,34,1,52430,34,0,0,0,64769,72336823336,463517010936
2022-12-24,Z302AKRV,0,220403880,14,0,761593459,65155,14,0,0,0,0,0,33,1,52430,33,0,0,0,64793,72337267640,463744730332
2022-12-25,Z302AKRV,0,106219600,14,0,762222122,65179,14,0,0,0,0,0,33,1,52430,33,0,0,0,64817,72337715384,463931598364
2022-12-26,Z302AKRV,0,5252496,14,0,763086894,65203,14,0,0,0,0,0,33,1,52430,33,0,0,0,64841,72338154832,464151710005
2022-12-27,Z302AKRV,0,25182984,14,0,764762364,65228,14,0,0,0,0,0,34,1,52430,34,0,0,0,64865,72338479688,464294114047
2022-12-28,Z302AKRV,0,130727440,14,0,765597661,65252,14,0,0,0,0,0,34,1,52430,34,0,0,0,64889,72338951896,464521000092
2022-12-29,Z302AKRV,0,5119216,14,0,766526277,65275,14,0,0,0,0,0,33,1,52430,33,0,0,0,64913,72339418536,464761997092
2022-12-30,Z302AKRV,0,9998928,14,0,767345309,65299,14,0,0,0,0,0,34,1,52430,34,0,0,0,64937,72339887320,464983367653
2022-12-31,Z302AKRV,0,153860608,14,0,769237529,65323,14,0,0,0,0,0,34,1,52430,34,0,0,0,64961,72340353008,465216831772
