2022-01-01,Z304GJ7S,0,146763568,9,0,332439482,53969,9,0,0,0,0,0,20,1,13653,20,0,0,0,53830,65198838536,382685153612
2022-01-02,Z304GJ7S,0,211306312,9,0,334390354,53993,9,0,0,0,0,0,20,1,13653,20,0,0,0,53853,65215528560,382965611170
2022-01-03,Z304GJ7S,0,6848112,9,0,338625989,54016,9,0,0,0,0,0,20,1,13653,20,0,0,0,53877,65226542240,383286700520
2022-01-04,Z304GJ7S,0,100706544,9,0,339973392,54040,9,0,0,0,0,0,19,1,13653,19,0,0,0,53900,65237779960,387828916449
2022-01-05,Z304GJ7S,0,78248776,9,0,342010051,54063,9,0,0,0,0,0,19,1,13653,19,0,0,0,53924,65247271208,387903771074
2022-01-06,Z304GJ7S,0,128163144,9,0,344143237,54098,9,0,0,0,0,0,20,1,13653,20,0,0,0,53959,65262261000,388268730081
2022-01-07,Z304GJ7S,0,113361448,9,0,345743783,54122,9,0,0,0,0,0,19,1,13653,19,0,0,0,53982,65270341160,388542870815
2022-01-08,Z304GJ7S,0,232894440,9,0,347237778,54145,9,0,0,0,0,0,19,1,13653,19,0,0,0,54006,65277904096,388803229936
2022-01-09,Z304GJ7S,0,205811776,9,0,350422507,54169,9,0,0,0,0,0,20,1,13653,20,0,0,0,54029,65287366832,389122690678
2022-01-10,Z304GJ7S,0,64155800,9,0,353117898,54192,9,0,0,0,0,0,20,1,13653,20,0,0,0,54053,65295691176,389416612802
2022-01-11,Z304GJ7S,0,205425520,9,0,355083793,54216,9,0,0,0,0,0,19,1,13653,19,0,0,0,54076,65301268784,389645683604
2022-01-12,Z304GJ7S,0,155240744,9,0,356748221,54239,9,0,0,0,0,0,20,1,13653,20,0,0,0,54100,65308700512,389864641421
2022-01-13,Z304GJ7S,0,126276896,9,0,358422154,54263,9,0,0,0,0,0,20,1,13653,20,0,0,0,54123,65315606856,390203435701
2022-01-14,Z304GJ7S,0,51085880,9,0,360769653,54286,9,0,0,0,0,0,20,1,13653,20,0,0,0,54147,65325172880,390508275449
2022-01-15,Z304GJ7S,0,211804672,9,0,361987652,54310,9,0,0,0,0,0,19,1,13653,19,0,0,0,54170,65338663848,390692132085
2022-01-16,Z304GJ7S,0,27757400,9,0,364896047,54333,9,0,0,0,0,0,19,1,13653,19,0,0,0,54194,65349263680,390948526241
2022-01-17,Z304GJ7S,0,157207048,9,0,366765934,54357,9,0,0,0,0,0,19,1,13653,19,0,0,0,54217,65363740352,391141542323
2022-01-18,Z304GJ7S,0,232523272,9,0,367874417,54380,9,0,0,0,0,0,19,1,13653,19,0,0,0,54241,65377856744,391240338979
2022-01-19,Z304GJ7S,0,173966120,9,0,369559407,54404,9,0,0,0,0,0,19,1,13653,19,0,0,0,54264,65388248184,391300712973
2022-01-20,Z304GJ7S,0,155164864,9,0,372363532,54439,9,0,0,0,0,0,19,1,13653,19,0,0,0,54299,65405900440,391682616294
2022-01-21,Z304GJ7S,0,232909832,9,0,373703108,54463,9,0,0,0,0,0,19,1,13653,19,0,0,0,54323,65423540760,391828166797
2022-01-22,Z304GJ7S,0,39165216,9,0,375249068,54486,9,0,0,0,0,0,19,1,13653,19,0,0,0,54346,65439787336,396308489690
2022-01-23,Z304GJ7S,0,243676360,9,0,377869192,54510,9,0,0,0,0,0,19,1,13653,19,0,0,0,54370,65455382376,396441816690
2022-01-24,Z304GJ7S,0,118169144,9,0,379584302,54533,9,0,0,0,0,0,19,1,13653,19,0,0,0,54393,65468185592,396626476220
2022-01-25,Z304GJ7S,0,17789016,9,0,383047199,54557,9,0,0,0,0,0,19,1,13653,19,0,0,0,54417,65479129936,396783959101
2022-01-26,Z304GJ7S,0,218416584,9,0,383781448,54568,9,0,0,0,0,0,19,1,13653,19,0,0,0,54429,65483856120,396806202836
2022-01-27,Z304GJ7S,0,204439032,9,0,384949742,54592,9,0,0,0,0,0,19,1,13653,19,0,0,0,54452,65494807392,396977236089
2022-01-28,Z304GJ7S,0,203648824,9,0,386886224,54627,9,0,0,0,0,0,20,1,13653,20,0,0,0,54487,65512945552,397267329675
2022-01-29,Z304GJ7S,0,206693280,9,0,388435339,54651,9,0,0,0,0,0,19,1,13653,19,0,0,0,54511,65525483568,397464293222
2022-01-30,Z304GJ7S,0,62007664,9,0,391363340,54674,9,0,0,0,0,0,20,1,13653,20,0,0,0,54534,65545743976,397702326307
2022-01-31,Z304GJ7S,0,81803440,9,0,393034022,54698,9,0,0,0,0,0,20,1,13653,20,0,0,0,54558,65561549704,397879599894
2022-02-01,Z304GJ7S,0,38268184,9,0,394853307,54721,9,0,0,0,0,0,18,1,13653,18,0,0,0,54581,65581081136,397982538595
2022-02-02,Z304GJ7S,0,242452936,9,0,396422442,54744,9,0,0,0,0,0,18,1,13653,18,0,0,0,54605,65598247344,398125949519
2022-02-03,Z304GJ7S,0,187405688,9,0,398418886,54768,9,0,0,0,0,0,18,1,13653,18,0,0,0,54628,65618786000,398398957440
2022-02-04,Z304GJ7S,0,106202144,9,0,400428352,54792,9,0,0,0,0,0,18,1,13653,18,0,0,0,54652,65638001080,398633176518
2022-02-05,Z304GJ7S,0,103116040,9,0,402082579,54815,9,0,0,0,0,0,18,1,13653,18,0,0,0,54676,65650214992,398884576615
2022-02-06,Z304GJ7S,0,37391728,9,0,404779872,54839,9,0,0,0,0,0,18,1,13653,18,0,0,0,54699,65663749352,399195867277
2022-02-07,Z304GJ7S,0,142833928,9,0,406919471,54862,9,0,0,0,0,0,17,1,13653,17,0,0,0,54723,65675269080,399484519906
2022-02-08,Z304GJ7S,0,41946080,9,0,408688915,54886,9,0,0,0,0,0,17,1,13653,17,0,0,0,54746,65686521880,399721268907
2022-02-09,Z304GJ7S,0,8960272,9,0,410509780,54909,9,0,0,0,0,0,18,1,13653,18,0,0,0,54770,65708183728,399795265395
2022-02-10,Z304GJ7S,0,146706032,9,0,412114388,54933,9,0,0,0,0,0,18,1,13653,18,0,0,0,54793,65722136808,400076142904
2022-02-11,Z304GJ7S,0,6741568,9,0,414019081,54956,9,0,0,0,0,0,18,1,13653,18,0,0,0,54817,65735954904,400389332143
2022-02-12,Z304GJ7S,0,112100864,9,0,415123730,54980,9,0,0,0,0,0,18,1,13653,18,0,0,0,54840,65750609336,400564855834
2022-02-13,Z304GJ7S,0,134379872,9,0,417241447,55003,9,0,0,0,0,0,18,1,13653,18,0,0,0,54864,65765148472,400816273250
2022-02-14,Z304GJ7S,0,134684616,9,0,419712308,55027,9,0,0,0,0,0,18,1,13653,18,0,0,0,54887,65778889888,401113982966
2022-02-15,Z304GJ7S,0,96542104,9,0,422157180,55062,9,0,0,0,0,0,18,1,13653,18,0,0,0,54922,65806848392,401407863926
2022-02-16,Z304GJ7S,0,65536896,9,0,423898631,55086,9,0,0,0,0,0,18,1,13653,18,0,0,0,54946,65839804400,405832423833
2022-02-17,Z304GJ7S,0,44647728,9,0,425336799,55109,9,0,0,0,0,0,18,1,13653,18,0,0,0,54970,65854749608,406108898437
2022-02-18,Z304GJ7S,0,131409376,9,0,426675362,55133,9,0,0,0,0,0,18,1,13653,18,0,0,0,54993,65865746648,406360627680
2022-02-19,Z304GJ7S,0,73680592,9,0,428042301,55156,9,0,0,0,0,0,18,1,13653,18,0,0,0,55017,65872595952,406604533615
2022-02-20,Z304GJ7S,0,84560584,9,0,430779469,55180,9,0,0,0,0,0,18,1,13653,18,0,0,0,55040,65878174968,406898001490
2022-02-21,Z304GJ7S,0,47262064,9,0,435139154,55203,9,0,0,0,0,0,18,1,13653,18,0,0,0,55064,65889082688,407212845118
2022-02-22,Z304GJ7S,0,214767768,9,0,437045075,55227,9,0,0,0,0,0,18,1,13653,18,0,0,0,55087,65892094968,407383307290
2022-02-23,Z304GJ7S,0,216702832,9,0,438925162,55250,9,0,0,0,0,0,18,1,13653,18,0,0,0,55111,65898924616,407521818240
2022-02-24,Z304GJ7S,0,61634480,9,0,440546336,55274,9,0,0,0,0,0,18,1,13653,18,0,0,0,55134,65906925320,407794118255
2022-02-25,Z304GJ7S,0,12181792,9,0,441922221,55297,9,0,0,0,0,0,18,1,13653,18,0,0,0,55158,65913465832,408074057288
2022-02-26,Z304GJ7S,0,76343912,9,0,443185783,55321,9,0,0,0,0,0,18,1,13653,18,0,0,0,55181,65919322664,408436809259
2022-02-27,Z304GJ7S,0,7038208,9,0,446697861,55344,9,0,0,0,0,0,18,1,13653,18,0,0,0,55205,65925950824,413091607811
2022-02-28,Z304GJ7S,0,154818800,9,0,448906001,55368,9,0,0,0,0,0,18,1,13653,18,0,0,0,55228,65938929648,413367714451
2022-03-01,Z304GJ7S,0,4477880,9,0,450584824,55391,9,0,0,0,0,0,18,1,13653,18,0,0,0,55252,65946614440,413541033395
2022-03-02,Z304GJ7S,0,84648424,9,0,452696263,55415,9,0,0,0,0,0,18,1,13653,18,0,0,0,55275,65955869080,413706607352
2022-03-03,Z304GJ7S,0,22955072,9,0,454227092,55438,9,0,0,0,0,0,18,1,13653,18,0,0,0,55298,65966000696,413939873670
2022-03-04,Z304GJ7S,0,6693248,9,0,455646761,55462,9,0,0,0,0,0,18,1,13653,18,0,0,0,55322,65969741960,414143977931
2022-03-05,Z304GJ7S,0,20595296,9,0,457466772,55485,9,0,0,0,0,0,18,1,13653,18,0,0,0,55345,65975465600,414380349395
2022-03-06,Z304GJ7S,0,216082920,9,0,459674405,55509,9,0,0,0,0,0,18,1,13653,18,0,0,0,55369,65981607912,414545073471
2022-03-07,Z304GJ7S,0,208656576,9,0,461735551,55532,9,0,0,0,0,0,18,1,13653,18,0,0,0,55392,65988766360,414719639724
2022-03-08,Z304GJ7S,0,19906552,9,0,462631245,55556,9,0,0,0,0,0,18,1,13653,18,0,0,0,55416,65996659000,414806239347
2022-03-09,Z304GJ7S,0,225069160,9,0,464349913,55579,9,0,0,0,0,0,18,1,13653,18,0,0,0,55439,66007146640,414855532689
2022-03-10,Z304GJ7S,0,163577480,9,0,466622097,55603,9,0,0,0,0,0,18,1,13653,18,0,0,0,55463,66013651640,415066687590
2022-03-11,Z304GJ7S,0,82519672,9,0,467816420,55626,9,0,0,0,0,0,18,1,13653,18,0,0,0,55486,66020265816,415259051378
2022-03-12,Z304GJ7S,0,13235152,9,0,468986178,55650,9,0,0,0,0,0,18,1,13653,18,0,0,0,55510,66029460896,415439296165
2022-03-13,Z304GJ7S,0,67095424,9,0,472640969,55685,9,0,0,0,0,0,18,1,13653,18,0,0,0,55545,66045717696,415747662436
2022-03-14,Z304GJ7S,0,158297856,9,0,474397835,55709,9,0,0,0,0,0,18,1,13653,18,0,0,0,55569,66056380192,415957676607
2022-03-15,Z304GJ7S,0,91144120,9,0,476064372,55732,9,0,0,0,0,0,18,1,13653,18,0,0,0,55592,66065469048,416077892910
2022-03-16,Z304GJ7S,0,32311944,9,0,477699044,55756,9,0,0,0,0,0,18,1,13653,18,0,0,0,55616,66076303920,416174659311
2022-03-17,Z304GJ7S,0,59415440,9,0,478796863,55779,9,0,0,0,0,0,18,1,13653,18,0,0,0,55639,66086626328,416321709877
2022-03-18,Z304GJ7S,0,31977256,9,0,480526855,55802,9,0,0,0,0,0,18,1,13653,18,0,0,0,55663,66096232344,416595741359
2022-03-19,Z304GJ7S,0,182923416,9,0,482368766,55826,9,0,0,0,0,0,18,1,13653,18,0,0,0,55686,66108906168,416850660314
2022-03-20,Z304GJ7S,0,199484536,9,0,485335316,55849,9,0,0,0,0,0,18,1,13653,18,0,0,0,55710,66122397248,417146101747
2022-03-21,Z304GJ7S,0,117317456,9,0,487273021,55873,9,0,0,0,0,0,18,1,13653,18,0,0,0,55733,66132294256,417450313967
2022-03-22,Z304GJ7S,0,166109440,9,0,489119955,55896,9,0,0,0,0,0,18,1,13653,18,0,0,0,55757,66143908584,417630190827
2022-03-23,Z304GJ7S,0,192359744,9,0,491168109,55920,9,0,0,0,0,0,18,1,13653,18,0,0,0,55780,66153658216,417817486234
2022-03-24,Z304GJ7S,0,34105768,9,0,492853138,55943,9,0,0,0,0,0,18,1,13653,18,0,0,0,55803,66163592992,418108358207
2022-03-25,Z304GJ7S,0,164455192,9,0,494744203,55967,9,0,0,0,0,0,18,1,13653,18,0,0,0,55827,66177282600,418451543068
2022-03-26,Z304GJ7S,0,151134728,9,0,495771628,55990,9,0,0,0,0,0,18,1,13653,18,0,0,0,55850,66190873512,418589036541
2022-03-27,Z304GJ7S,0,67886896,9,0,497954731,56002,9,0,0,0,0,0,18,1,13653,18,0,0,0,55862,66197725872,418748395215
2022-03-28,Z304GJ7S,0,74571120,9,0,502582314,56037,9,0,0,0,0,0,18,1,13653,18,0,0,0,55897,66210784368,419146646165
2022-03-29,Z304GJ7S,0,112913280,9,0,504384257,56061,9,0,0,0,0,0,18,1,13653,18,0,0,0,55921,66229422936,419405962429
2022-03-30,Z304GJ7S,0,6884848,9,0,505710255,56084,9,0,0,0,0,0,18,1,13653,18,0,0,0,55944,66244284216,419455014306
2022-03-31,Z304GJ7S,0,233346576,9,0,507046064,56108,9,0,0,0,0,0,18,1,13653,18,0,0,0,55968,66255568880,419711250887
2022-04-01,Z304GJ7S,0,23557208,9,0,508528629,56131,9,0,0,0,0,0,18,1,13653,18,0,0,0,55991,66261814792,419979441631
2022-04-02,Z304GJ7S,0,85963632,9,0,510080826,56155,9,0,0,0,0,0,18,1,13653,18,0,0,0,56015,66268727104,420239194616
2022-04-03,Z304GJ7S,0,145656856,9,0,511985568,56178,9,0,0,0,0,0,18,1,13653,18,0,0,0,56038,66276171608,420467900827
2022-04-04,Z304GJ7S,0,149944416,9,0,515036797,56202,9,0,0,0,0,0,18,1,13653,18,0,0,0,56062,66288633504,420717050330
2022-04-05,Z304GJ7S,0,100440160,9,0,516625115,56225,9,0,0,0,0,0,18,1,13653,18,0,0,0,56085,66294945752,420953713992
2022-04-06,Z304GJ7S,0,5070248,9,0,518507384,56249,9,0,0,0,0,0,18,1,13653,18,0,0,0,56109,66307418352,421010959044
2022-04-07,Z304GJ7S,0,204964048,9,0,519740034,56272,9,0,0,0,0,0,18,1,13653,18,0,0,0,56132,66313534328,421231738384
2022-04-08,Z304GJ7S,0,124985416,9,0,521295884,56307,9,0,0,0,0,0,18,1,13653,18,0,0,0,56168,66320639088,421623421896
2022-04-09,Z304GJ7S,0,67505624,9,0,523214809,56331,9,0,0,0,0,0,18,1,13653,18,0,0,0,56191,66326549784,421988225838
2022-04-10,Z304GJ7S,0,228368784,9,0,526975515,56354,9,0,0,0,0,0,18,1,13653,18,0,0,0,56215,66333373088,422333561719
2022-04-11,Z304GJ7S,0,194161312,9,0,528567740,56378,9,0,0,0,0,0,20,1,13653,20,0,0,0,56238,66340011792,422520052648
2022-04-12,Z304GJ7S,0,65687720,9,0,530267667,56401,9,0,0,0,0,0,20,1,13653,20,0,0,0,56262,66347546304,422690290058
2022-04-13,Z304GJ7S,0,62857576,9,0,531765448,56425,9,0,0,0,0,0,20,1,13653,20,0,0,0,56285,66351857112,422753291148
2022-04-14,Z304GJ7S,0,222634360,9,0,532994656,56449,9,0,0,0,0,0,20,1,13653,20,0,0,0,56309,66359488120,422920957553
2022-04-15,Z304GJ7S,0,23761200,9,0,534943933,56472,9,0,0,0,0,0,20,1,13653,20,0,0,0,56333,66366653496,423185068432
2022-04-16,Z304GJ7S,0,69710368,9,0,536494996,56496,9,0,0,0,0,0,20,1,13653,20,0,0,0,56356,66372889128,423375933072
2022-04-17,Z304GJ7S,0,21691704,9,0,538995139,56520,9,0,0,0,0,0,20,1,13653,20,0,0,0,56380,66381778776,423570938981
2022-04-18,Z304GJ7S,0,190970664,9,0,540424479,56543,9,0,0,0,0,0,20,1,13653,20,0,0,0,56404,66392481832,423666402534
2022-04-19,Z304GJ7S,0,82660936,9,0,541944123,56567,9,0,0,0,0,0,20,1,13653,20,0,0,0,56427,66401290632,423807524699
2022-04-20,Z304GJ7S,0,161974888,9,0,543642303,56591,9,0,0,0,0,0,22,1,13653,22,0,0,0,56451,66409265336,423878572892
2022-04-21,Z304GJ7S,0,161848600,9,0,545406892,56614,9,0,0,0,0,0,22,1,13653,22,0,0,0,56474,66416930280,424072473802
2022-04-22,Z304GJ7S,0,239400632,9,0,546501367,56638,9,0,0,0,0,0,22,1,13653,22,0,0,0,56498,66434771408,424241035162
2022-04-23,Z304GJ7S,0,15778824,9,0,547783443,56661,9,0,0,0,0,0,21,1,13653,21,0,0,0,56521,66444194664,424440157493
2022-04-24,Z304GJ7S,0,77426016,9,0,550061995,56685,9,0,0,0,0,0,20,1,13653,20,0,0,0,56545,66452832968,424637379132
2022-04-25,Z304GJ7S,0,174333936,9,0,552411024,56708,9,0,0,0,0,0,18,1,13653,18,0,0,0,56568,66462204464,424858606370
2022-04-26,Z304GJ7S,0,225313520,9,0,553719578,56732,9,0,0,0,0,0,18,1,13653,18,0,0,0,56592,66471279256,425000801044
2022-04-27,Z304GJ7S,0,145219496,9,0,555744896,56755,9,0,0,0,0,0,18,1,13653,18,0,0,0,56615,66482438032,429393527940
2022-04-28,Z304GJ7S,0,44708888,9,0,557123578,56779,9,0,0,0,0,0,18,1,13653,18,0,0,0,56639,66492104320,429611151948
2022-04-29,Z304GJ7S,0,177786448,9,0,558856939,56803,9,0,0,0,0,0,18,1,13653,18,0,0,0,56663,66501323064,429867349372
2022-04-30,Z304GJ7S,0,237312512,9,0,561901234,56826,9,0,0,0,0,0,18,1,13653,18,0,0,0,56687,66510496808,430134364040
2022-05-01,Z304GJ7S,0,106590040,9,0,564371034,56850,9,0,0,0,0,0,18,1,13653,18,0,0,0,56710,66522356384,430428054885
2022-05-02,Z304GJ7S,0,101051936,9,0,567139229,56874,9,0,0,0,0,0,18,1,13653,18,0,0,0,56734,66534290088,430713312684
2022-05-03,Z304GJ7S,0,171448392,9,0,568619681,56897,9,0,0,0,0,0,18,1,13653,18,0,0,0,56758,66542661744,430975634942
2022-05-04,Z304GJ7S,0,15898984,9,0,570657536,56921,9,0,0,0,0,0,18,1,13653,18,0,0,0,56781,66555414112,431054132504
2022-05-05,Z304GJ7S,0,5428880,9,0,573184761,56956,9,0,0,0,0,0,18,1,13653,18,0,0,0,56817,66571949168,431489932886
2022-05-06,Z304GJ7S,0,83514864,9,0,573992596,56980,9,0,0,0,0,0,18,1,13653,18,0,0,0,56840,66579215504,431615804136
2022-05-07,Z304GJ7S,0,150326352,9,0,575404461,57003,9,0,0,0,0,0,18,1,13653,18,0,0,0,56864,66595603200,431858036203
2022-05-08,Z304GJ7S,0,217973520,9,0,578360667,57027,9,0,0,0,0,0,18,1,13653,18,0,0,0,56887,66604272832,432151677257
2022-05-09,Z304GJ7S,0,91706680,9,0,579950108,57050,9,0,0,0,0,0,18,1,13653,18,0,0,0,56911,66612778288,432424346871
2022-05-10,Z304GJ7S,0,15051736,9,0,581548593,57074,9,0,0,0,0,0,18,1,13653,18,0,0,0,56934,66622281464,432619195296
2022-05-11,Z304GJ7S,0,191617760,9,0,583240681,57098,9,0,0,0,0,0,18,1,13653,18,0,0,0,56958,66631010160,432727241878
2022-05-12,Z304GJ7S,0,238932736,9,0,584784460,57121,9,0,0,0,0,0,18,1,13653,18,0,0,0,56981,66639406496,432997721747
2022-05-13,Z304GJ7S,0,157761496,9,0,586390394,57145,9,0,0,0,0,0,18,1,13653,18,0,0,0,57005,66653166576,433255899420
2022-05-14,Z304GJ7S,0,34567688,9,0,588026534,57168,9,0,0,0,0,0,18,1,13653,18,0,0,0,57028,66663619624,433471008893
2022-05-15,Z304GJ7S,0,148529264,9,0,590745228,57192,9,0,0,0,0,0,18,1,13653,18,0,0,0,57052,66672640064,433716870141
2022-05-16,Z304GJ7S,0,116150736,9,0,592426033,57215,9,0,0,0,0,0,18,1,13653,18,0,0,0,57075,66683457864,433946133385
2022-05-17,Z304GJ7S,0,211123976,9,0,593742928,57239,9,0,0,0,0,0,18,1,13653,18,0,0,0,57099,66690539512,434135529388
2022-05-18,Z304GJ7S,0,122405368,9,0,595622301,57262,9,0,0,0,0,0,18,1,13653,18,0,0,0,57123,66697650000,434255259833
2022-05-19,Z304GJ7S,0,226259472,9,0,596748983,57286,9,0,0,0,0,0,18,1,13653,18,0,0,0,57146,66710482848,434572501962
2022-05-20,Z304GJ7S,0,75240832,9,0,599013983,57310,9,0,0,0,0,0,18,1,13653,18,0,0,0,57170,66720656480,434922906438
2022-05-21,Z304GJ7S,0,150680408,9,0,600725823,57334,9,0,0,0,0,0,18,1,13653,18,0,0,0,57194,66730295232,435176749784
2022-05-22,Z304GJ7S,0,83535072,9,0,603395850,57357,9,0,0,0,0,0,18,1,13653,18,0,0,0,57218,66740567944,435410724735
2022-05-23,Z304GJ7S,0,226352376,9,0,605650078,57381,9,0,0,0,0,0,18,1,13653,18,0,0,0,57241,66750383128,435641948740
2022-05-24,Z304GJ7S,0,126010336,9,0,607187332,57405,9,0,0,0,0,0,18,1,13653,18,0,0,0,57265,66759010120,435809124840
2022-05-25,Z304GJ7S,0,160923864,9,0,609197337,57428,9,0,0,0,0,0,18,1,13653,18,0,0,0,57289,66770260344,435913344827
2022-05-26,Z304GJ7S,0,199186040,9,0,610762306,57452,9,0,0,0,0,0,18,1,13653,18,0,0,0,57312,66778939488,436119939138
2022-05-27,Z304GJ7S,0,20658464,9,0,613363051,57476,9,0,0,0,0,0,18,1,13653,18,0,0,0,57336,66786522968,436293685013
2022-05-28,Z304GJ7S,0,183429464,9,0,614742106,57499,9,0,0,0,0,0,18,1,13653,18,0,0,0,57359,66794838552,436450427723
2022-05-29,Z304GJ7S,0,201602472,9,0,616309089,57523,9,0,0,0,0,0,18,1,13653,18,0,0,0,57383,66803191208,436563103856
2022-05-30,Z304GJ7S,0,26872688,9,0,619338087,57546,9,0,0,0,0,0,18,1,13653,18,0,0,0,57406,66814593736,436782286885
2022-05-31,Z304GJ7S,0,14505888,9,0,620546179,57570,9,0,0,0,0,0,18,1,13653,18,0,0,0,57430,66824211312,436961343457
2022-06-01,Z304GJ7S,0,209676352,9,0,622550562,57593,9,0,0,0,0,0,18,1,13653,18,0,0,0,57453,66832472464,437029554155
2022-06-02,Z304GJ7S,0,56814592,9,0,623849228,57617,9,0,0,0,0,0,18,1,13653,18,0,0,0,57477,66844098560,437218908428
2022-06-03,Z304GJ7S,0,79120112,9,0,625240873,57640,9,0,0,0,0,0,18,1,13653,18,0,0,0,57501,66855748688,437399517092
2022-06-04,Z304GJ7S,0,86103080,9,0,626776697,57664,9,0,0,0,0,0,18,1,13653,18,0,0,0,57524,66866299208,437613849719
2022-06-05,Z304GJ7S,0,37020536,9,0,628585167,57687,9,0,0,0,0,0,18,1,13653,18,0,0,0,57548,66878384632,437774039773
2022-06-07,Z304GJ7S,0,79840,9,0,633768849,57746,9,0,0,0,0,0,18,1,13653,18,0,0,0,57606,66906096304,438269007609
2022-06-08,Z304GJ7S,0,180714664,9,0,635415014,57770,9,0,0,0,0,0,18,1,13653,18,0,0,0,57630,66913216840,438400556032
2022-06-09,Z304GJ7S,0,147202912,9,0,636969749,57793,9,0,0,0,0,0,18,1,13653,18,0,0,0,57654,66923633320,438653477726
2022-06-10,Z304GJ7S,0,166981024,9,0,638357705,57817,9,0,0,0,0,0,18,1,13653,18,0,0,0,57677,66931347696,438934443714
2022-06-11,Z304GJ7S,0,4008312,9,0,639915743,57840,9,0,0,0,0,0,18,1,13653,18,0,0,0,57701,66939713560,439184978272
2022-06-12,Z304GJ7S,0,174144776,9,0,642675691,57864,9,0,0,0,0,0,18,1,13653,18,0,0,0,57724,66948970184,439494339604
2022-06-13,Z304GJ7S,0,62073608,9,0,645289981,57888,9,0,0,0,0,0,18,1,13653,18,0,0,0,57748,66964118920,439824167744
2022-06-14,Z304GJ7S,0,276808,9,0,646739747,57911,9,0,0,0,0,0,18,1,13653,18,0,0,0,57771,66972332000,439996779773
2022-06-15,Z304GJ7S,0,27828184,9,0,648281654,57935,9,0,0,0,0,0,18,1,13653,18,0,0,0,57795,66983558928,440041037345
2022-06-16,Z304GJ7S,0,97538912,9,0,649627252,57958,9,0,0,0,0,0,18,1,13653,18,0,0,0,57818,66993986904,440272798189
2022-06-17,Z304GJ7S,0,64286464,9,0,652137615,57982,9,0,0,0,0,0,18,1,13653,18,0,0,0,57842,67001879776,440521450788
2022-06-18,Z304GJ7S,0,23944936,9,0,653502252,58005,9,0,0,0,0,0,18,1,13653,18,0,0,0,57865,67013413792,445076961035
2022-06-19,Z304GJ7S,0,116187392,9,0,655953758,58029,9,0,0,0,0,0,18,1,13653,18,0,0,0,57889,67023624800,445367959100
2022-06-20,Z304GJ7S,0,228128832,9,0,658276867,58052,9,0,0,0,0,0,18,1,13653,18,0,0,0,57912,67031950696,445651479523
2022-06-21,Z304GJ7S,0,186770248,9,0,659972372,58076,9,0,0,0,0,0,18,1,13653,18,0,0,0,57936,67044217096,445898702947
2022-06-22,Z304GJ7S,0,96147544,9,0,662502416,58111,9,0,0,0,0,0,18,1,13653,18,0,0,0,57971,67058992448,446068613743
2022-06-23,Z304GJ7S,0,15764648,9,0,664354100,58135,9,0,0,0,0,0,18,1,13653,18,0,0,0,57995,67071076640,446306710511
2022-06-24,Z304GJ7S,0,235591024,9,0,665741080,58158,9,0,0,0,0,0,18,1,13653,18,0,0,0,58019,67083354664,446528213573
2022-06-25,Z304GJ7S,0,218882216,9,0,666847465,58182,9,0,0,0,0,0,18,1,13653,18,0,0,0,58042,67091384944,446753730883
2022-06-26,Z304GJ7S,0,151458344,9,0,669803267,58206,9,0,0,0,0,0,18,1,13653,18,0,0,0,58066,67099287712,447025050604
2022-06-27,Z304GJ7S,0,106284560,9,0,670862555,58229,9,0,0,0,0,0,18,1,13653,18,0,0,0,58090,67107795496,447298678287
2022-06-28,Z304GJ7S,0,221186584,9,0,673010317,58253,9,0,0,0,0,0,18,1,13653,18,0,0,0,58113,67114856760,447532171177
2022-06-29,Z304GJ7S,0,240430384,9,0,673940799,58265,9,0,0,0,0,0,18,1,13653,18,0,0,0,58125,67119078544,447622375496
2022-06-30,Z304GJ7S,0,5614792,9,0,676211765,58288,9,0,0,0,0,0,18,1,13653,18,0,0,0,58149,67127515640,447945053626
2022-07-01,Z304GJ7S,0,134047064,9,0,677544793,58312,9,0,0,0,0,0,18,1,13653,18,0,0,0,58172,67138406288,448147000719
2022-07-02,Z304GJ7S,0,117792456,9,0,679171475,58336,9,0,0,0,0,0,18,1,13653,18,0,0,0,58196,67148207344,448367252354
2022-07-03,Z304GJ7S,0,116841984,9,0,680804175,58359,9,0,0,0,0,0,18,1,13653,18,0,0,0,58219,67159847880,448539109308
2022-07-04,Z304GJ7S,0,92956104,9,0,684241989,58383,9,0,0,0,0,0,18,1,13653,18,0,0,0,58243,67171159544,448840266210
2022-07-05,Z304GJ7S,0,138873824,9,0,686452534,58418,9,0,0,0,0,0,18,1,13653,18,0,0,0,58278,67183303136,449042792607
2022-07-06,Z304GJ7S,0,171814880,9,0,688822758,58441,9,0,0,0,0,0,18,1,13653,18,0,0,0,58302,67191893688,449121161503
2022-07-07,Z304GJ7S,0,74779688,9,0,690154602,58465,9,0,0,0,0,0,18,1,13653,18,0,0,0,58325,67200693328,449297392972
2022-07-08,Z304GJ7S,0,161781960,9,0,690998377,58488,9,0,0,0,0,0,18,1,13653,18,0,0,0,58349,67210470584,449392173798
2022-07-09,Z304GJ7S,0,12833944,9,0,693046972,58512,9,0,0,0,0,0,18,1,13653,18,0,0,0,58372,67218147728,449603805456
2022-07-10,Z304GJ7S,0,188737736,9,0,695640886,58536,9,0,0,0,0,0,18,1,13653,18,0,0,0,58396,67224267184,449827448438
2022-07-11,Z304GJ7S,0,94849056,9,0,697327964,58559,9,0,0,0,0,0,18,1,13653,18,0,0,0,58419,67232539000,450034570733
2022-07-12,Z304GJ7S,0,191990288,9,0,699037872,58583,9,0,0,0,0,0,18,1,13653,18,0,0,0,58443,67241470336,450177563300
2022-07-13,Z304GJ7S,0,207168448,9,0,700870816,58606,9,0,0,0,0,0,18,1,13653,18,0,0,0,58466,67250655328,450294606441
2022-07-14,Z304GJ7S,0,132427216,9,0,702320352,58630,9,0,0,0,0,0,18,1,13653,18,0,0,0,58490,67267565080,450503329126
2022-07-15,Z304GJ7S,0,162749520,9,0,703354324,58653,9,0,0,0,0,0,18,1,13653,18,0,0,0,58514,67277308720,450635973118
2022-07-16,Z304GJ7S,0,231517936,9,0,704726959,58677,9,0,0,0,0,0,18,1,13653,18,0,0,0,58537,67297493800,450827088077
2022-07-17,Z304GJ7S,0,140694496,9,0,707299726,58700,9,0,0,0,0,0,18,1,13653,18,0,0,0,58561,67311788224,451085484008
2022-07-18,Z304GJ7S,0,27358264,9,0,709625146,58724,9,0,0,0,0,0,18,1,13653,18,0,0,0,58584,67318021240,451347833762
2022-07-19,Z304GJ7S,0,99500288,9,0,711057258,58748,9,0,0,0,0,0,19,1,13653,19,0,0,0,58608,67327496160,451600166809
2022-07-20,Z304GJ7S,0,52172344,9,0,713357289,58771,9,0,0,0,0,0,18,1,13653,18,0,0,0,58631,67339611848,451657192636
2022-07-21,Z304GJ7S,0,51975504,9,0,714842409,58795,9,0,0,0,0,0,18,1,13653,18,0,0,0,58655,67346934424,451938555847
2022-07-22,Z304GJ7S,0,162332720,9,0,716227526,58818,9,0,0,0,0,0,18,1,13653,18,0,0,0,58678,67354585816,452175969439
2022-07-23,Z304GJ7S,0,24070704,9,0,717906685,58842,9,0,0,0,0,0,18,1,13653,18,0,0,0,58702,67363590128,452475115821
2022-07-24,Z304GJ7S,0,83938568,9,0,720197292,58865,9,0,0,0,0,0,18,1,13653,18,0,0,0,58726,67373229936,457060889078
2022-07-25,Z304GJ7S,0,194494848,9,0,722241742,58889,9,0,0,0,0,0,18,1,13653,18,0,0,0,58749,67381146248,457245280474
2022-07-26,Z304GJ7S,0,95632688,9,0,723472393,58912,9,0,0,0,0,0,18,1,13653,18,0,0,0,58773,67388791384,457481569454
2022-07-27,Z304GJ7S,0,192807080,9,0,725410705,58936,9,0,0,0,0,0,18,1,13653,18,0,0,0,58796,67397268296,457540032054
2022-07-28,Z304GJ7S,0,37755992,9,0,726690095,58959,9,0,0,0,0,0,18,1,13653,18,0,0,0,58820,67404294400,457791551727
2022-07-29,Z304GJ7S,0,179474552,9,0,728013551,58983,9,0,0,0,0,0,18,1,13653,18,0,0,0,58843,67410972840,458058818105
2022-07-30,Z304GJ7S,0,174524112,9,0,730230477,59018,9,0,0,0,0,0,18,1,13653,18,0,0,0,58879,67421756304,462749800414
2022-07-31,Z304GJ7S,0,4071952,9,0,733302381,59042,9,0,0,0,0,0,18,1,13653,18,0,0,0,58902,67428223720,463037890097
2022-08-01,Z304GJ7S,0,146795120,9,0,735455951,59065,9,0,0,0,0,0,18,1,13653,18,0,0,0,58926,67437065952,463280320470
2022-08-02,Z304GJ7S,0,19195968,9,0,737708190,59089,9,0,0,0,0,0,18,1,13653,18,0,0,0,58949,67444408736,463456464773
2022-08-03,Z304GJ7S,0,202704344,9,0,739228727,59112,9,0,0,0,0,0,18,1,13653,18,0,0,0,58973,67450483496,463565241224
2022-08-04,Z304GJ7S,0,227067360,9,0,740281987,59136,9,0,0,0,0,0,18,1,13653,18,0,0,0,58996,67456898064,463793014893
2022-08-05,Z304GJ7S,0,109477656,9,0,741384774,59160,9,0,0,0,0,0,18,1,13653,18,0,0,0,59020,67464658144,464026336323
2022-08-06,Z304GJ7S,0,130671968,9,0,742397654,59183,9,0,0,0,0,0,18,1,13653,18,0,0,0,59043,67473059464,464237552661
2022-08-07,Z304GJ7S,0,36691608,9,0,744824565,59207,9,0,0,0,0,0,18,1,13653,18,0,0,0,59067,67480608120,464623059171
2022-08-08,Z304GJ7S,0,224737880,9,0,747920133,59230,9,0,0,0,0,0,18,1,13653,18,0,0,0,59091,67491720752,464998185088
2022-08-09,Z304GJ7S,0,204127896,9,0,749426440,59254,9,0,0,0,0,0,18,1,13653,18,0,0,0,59114,67497854400,465208288338
2022-08-10,Z304GJ7S,0,198483208,9,0,750777375,59278,9,0,0,0,0,0,18,1,13653,18,0,0,0,59138,67498931848,465267299913
2022-08-11,Z304GJ7S,0,111579888,9,0,752082692,59301,9,0,0,0,0,0,18,1,13653,18,0,0,0,59162,67500216008,465367900314
2022-08-12,Z304GJ7S,0,127947008,9,0,753663951,59325,9,0,0,0,0,0,18,1,13653,18,0,0,0,59185,67501567184,465603017844
2022-08-13,Z304GJ7S,0,36393568,9,0,754788617,59348,9,0,0,0,0,0,18,1,13653,18,0,0,0,59209,67503483952,465767337372
2022-08-14,Z304GJ7S,0,208078896,9,0,758841335,59384,9,0,0,0,0,0,18,1,13653,18,0,0,0,59244,67505791120,466182414837
2022-08-15,Z304GJ7S,0,105918840,9,0,760500224,59407,9,0,0,0,0,0,18,1,13653,18,0,0,0,59268,67507197360,466348261831
2022-08-16,Z304GJ7S,0,136093744,9,0,761909113,59431,9,0,0,0,0,0,18,1,13653,18,0,0,0,59291,67508332416,466448811243
2022-08-17,Z304GJ7S,0,157112848,9,0,762579528,59443,9,0,0,0,0,0,18,1,13653,18,0,0,0,59303,67508719712,466475756667
2022-08-18,Z304GJ7S,0,31303960,9,0,763325265,59466,9,0,0,0,0,0,18,1,13653,18,0,0,0,59326,67510074360,466566253828
2022-08-19,Z304GJ7S,0,166852184,9,0,765214566,59490,9,0,0,0,0,0,18,1,13653,18,0,0,0,59350,67511335032,471066594514
2022-08-20,Z304GJ7S,0,198380944,9,0,766298083,59513,9,0,0,0,0,0,18,1,13653,18,0,0,0,59374,67513090728,471263265426
2022-08-21,Z304GJ7S,0,115789264,9,0,768647449,59537,9,0,0,0,0,0,18,1,13653,18,0,0,0,59397,67514459456,471484754140
2022-08-22,Z304GJ7S,0,185572880,9,0,771242562,59561,9,0,0,0,0,0,18,1,13653,18,0,0,0,59421,67516220192,471687013648
2022-08-23,Z304GJ7S,0,50533856,9,0,772598412,59584,9,0,0,0,0,0,18,1,13653,18,0,0,0,59444,67517526488,471902162964
2022-08-24,Z304GJ7S,0,182192112,9,0,775151595,59619,9,0,0,0,0,0,18,1,13653,18,0,0,0,59480,67519582264,476353360241
2022-08-25,Z304GJ7S,0,101011080,9,0,776094859,59643,9,0,0,0,0,0,18,1,13653,18,0,0,0,59503,67520859104,476485772802
2022-08-26,Z304GJ7S,0,243866024,9,0,777582084,59667,9,0,0,0,0,0,18,1,13653,18,0,0,0,59527,67523542680,476740738264
2022-08-27,Z304GJ7S,0,211152560,9,0,779180733,59690,9,0,0,0,0,0,18,1,13653,18,0,0,0,59550,67524942112,476995481577
2022-08-28,Z304GJ7S,0,195439664,9,0,782106385,59714,9,0,0,0,0,0,18,1,13653,18,0,0,0,59574,67526689616,477296853772
2022-08-29,Z304GJ7S,0,172173520,9,0,783773895,59737,9,0,0,0,0,0,18,1,13653,18,0,0,0,59598,67528299352,477577379483
2022-08-30,Z304GJ7S,0,116257904,9,0,785484460,59761,9,0,0,0,0,0,18,1,13653,18,0,0,0,59621,67529503368,477771901710
2022-08-31,Z304GJ7S,0,30525224,9,0,787298300,59785,9,0,0,0,0,0,18,1,13653,18,0,0,0,59645,67530994360,477952894800
2022-09-01,Z304GJ7S,0,97505496,9,0,789740241,59808,9,0,0,0,0,0,18,1,13653,18,0,0,0,59668,67542547592,486868970732
2022-09-02,Z304GJ7S,0,126671968,9,0,792311248,59832,9,0,0,0,0,0,18,1,13653,18,0,0,0,59692,67552974312,491398928711
2022-09-03,Z304GJ7S,0,212316576,9,0,793419065,59855,9,0,0,0,0,0,18,1,13653,18,0,0,0,59716,67555025336,491608281642
2022-09-04,Z304GJ7S,0,123502208,9,0,796381597,59879,9,0,0,0,0,0,18,1,13653,18,0,0,0,59739,67556953464,491933722698
2022-09-05,Z304GJ7S,0,15475936,9,0,798280248,59903,9,0,0,0,0,0,18,1,13653,18,0,0,0,59763,67558603808,492221260457
2022-09-06,Z304GJ7S,0,164089584,9,0,799786745,59926,9,0,0,0,0,0,18,1,13653,18,0,0,0,59786,67559984560,492446486081
2022-09-07,Z304GJ7S,0,138998696,9,0,801727404,59950,9,0,0,0,0,0,18,1,13653,18,0,0,0,59810,67561529056,492601318961
2022-09-08,Z304GJ7S,0,79990312,9,0,803827875,59985,9,0,0,0,0,0,18,1,13653,18,0,0,0,59845,67563947136,492978605235
2022-09-09,Z304GJ7S,0,16763888,9,0,805544687,60009,9,0,0,0,0,0,18,1,13653,18,0,0,0,59869,67565471568,493231720678
2022-09-10,Z304GJ7S,0,108725328,9,0,806907604,60033,9,0,0,0,0,0,18,1,13653,18,0,0,0,59893,67567114728,493477356141
2022-09-11,Z304GJ7S,0,58992824,9,0,809723655,60056,9,0,0,0,0,0,18,1,13653,18,0,0,0,59916,67568947624,493760936876
2022-09-12,Z304GJ7S,0,71622480,9,0,810708848,60080,9,0,0,0,0,0,18,1,13653,18,0,0,0,59940,67570192552,493996386680
2022-09-13,Z304GJ7S,0,188825784,9,0,812689517,60104,9,0,0,0,0,0,18,1,13653,18,0,0,0,59964,67571339688,494143717413
2022-09-14,Z304GJ7S,0,193725296,9,0,813803940,60127,9,0,0,0,0,0,18,1,13653,18,0,0,0,59987,67572570936,494407929721
2022-09-15,Z304GJ7S,0,191726200,9,0,814669499,60139,9,0,0,0,0,0,18,1,13653,18,0,0,0,59999,67573351192,494609399270
2022-09-16,Z304GJ7S,0,6469368,9,0,817008296,60163,9,0,0,0,0,0,18,1,13653,18,0,0,0,60023,67575395952,494943819855
2022-09-17,Z304GJ7S,0,192033760,9,0,818487181,60186,9,0,0,0,0,0,18,1,13653,18,0,0,0,60046,67576441248,495127134785
2022-09-18,Z304GJ7S,0,126307440,9,0,821125496,60210,9,0,0,0,0,0,18,1,13653,18,0,0,0,60070,67578641472,495365656592
2022-09-19,Z304GJ7S,0,13757440,9,0,823018794,60233,9,0,0,0,0,0,18,1,13653,18,0,0,0,60094,67579988696,495569618345
2022-09-20,Z304GJ7S,0,55696824,9,0,825765675,60269,9,0,0,0,0,0,18,1,13653,18,0,0,0,60129,67581348584,495836582179
2022-09-21,Z304GJ7S,0,90970280,9,0,826751412,60281,9,0,0,0,0,0,18,1,13653,18,0,0,0,60141,67581921520,495891060187
2022-09-22,Z304GJ7S,0,31776096,9,0,827688686,60304,9,0,0,0,0,0,18,1,13653,18,0,0,0,60164,67583103392,496021208984
2022-09-23,Z304GJ7S,0,200615072,9,0,828708104,60328,9,0,0,0,0,0,18,1,13653,18,0,0,0,60188,67584499640,496144018063
2022-09-24,Z304GJ7S,0,181213704,9,0,829829976,60351,9,0,0,0,0,0,18,1,13653,18,0,0,0,60212,67585521976,496283040680
2022-09-25,Z304GJ7S,0,173528456,9,0,832487116,60375,9,0,0,0,0,0,18,1,13653,18,0,0,0,60235,67586576824,496511177950
2022-09-26,Z304GJ7S,0,199302008,9,0,836081149,60410,9,0,0,0,0,0,18,1,13653,18,0,0,0,60271,67588314992,496894173185
2022-09-27,Z304GJ7S,0,214031936,10,0,837551379,60434,10,0,0,0,0,0,18,1,13654,18,0,0,0,60294,67589422400,497026085143
2022-09-28,Z304GJ7S,0,119786512,10,0,839166085,60457,10,0,0,0,0,0,18,1,13654,18,0,0,0,60317,67590544992,497129250336
2022-09-29,Z304GJ7S,0,113072720,11,0,840606694,60481,11,0,0,0,0,0,18,1,13655,18,0,0,0,60341,67591688696,497356279493
2022-09-30,Z304GJ7S,0,30624040,12,0,842066405,60505,12,0,0,0,0,0,18,1,13656,18,0,0,0,60365,67592844648,497563497257
2022-10-01,Z304GJ7S,0,32918024,12,0,843627572,60528,12,0,0,0,0,0,19,1,13656,19,0,0,0,60388,67594575456,497811767507
2022-10-02,Z304GJ7S,0,68955232,12,0,846597755,60552,12,0,0,0,0,0,18,1,13656,18,0,0,0,60412,67596565256,498098677775
2022-10-03,Z304GJ7S,0,44132360,12,0,848221515,60575,12,0,0,0,0,0,18,1,13656,18,0,0,0,60436,67598123728,498392378724
2022-10-04,Z304GJ7S,0,69357568,12,0,850013529,60599,12,0,0,0,0,0,18,1,13656,18,0,0,0,60459,67599247696,498603792035
2022-10-05,Z304GJ7S,0,72039136,12,0,851842861,60623,12,0,0,0,0,0,18,1,13656,18,0,0,0,60483,67600306496,498775213120
2022-10-06,Z304GJ7S,0,187954960,12,0,853163543,60646,12,0,0,0,0,0,18,1,13656,18,0,0,0,60506,67601448104,499038478275
2022-10-07,Z304GJ7S,0,28433376,12,0,855217575,60670,12,0,0,0,0,0,19,1,13656,19,0,0,0,60530,67602392112,499376211619
2022-10-08,Z304GJ7S,0,226816896,12,0,856121893,60693,12,0,0,0,0,0,18,1,13656,18,0,0,0,60554,67603487176,499503731374
2022-10-09,Z304GJ7S,0,75421824,12,0,858735938,60717,12,0,0,0,0,0,18,1,13656,18,0,0,0,60577,67606532760,499788048176
2022-10-10,Z304GJ7S,0,225675936,12,0,860433239,60741,12,0,0,0,0,0,18,1,13656,18,0,0,0,60601,67607786464,500056433558
2022-10-11,Z304GJ7S,0,72682984,12,0,861938253,60765,12,0,0,0,0,0,18,1,13656,18,0,0,0,60625,67612942800,500288507856
2022-10-12,Z304GJ7S,0,212910408,12,0,863700987,60788,12,0,0,0,0,0,18,1,13656,18,0,0,0,60648,67613708752,500419165184
2022-10-13,Z304GJ7S,0,113687952,12,0,865184306,60812,12,0,0,0,0,0,18,1,13656,18,0,0,0,60672,67614825520,500702790798
2022-10-14,Z304GJ7S,0,157446872,12,0,866920131,60835,12,0,0,0,0,0,18,1,13656,18,0,0,0,60696,67615841088,500952054320
2022-10-15,Z304GJ7S,0,83229976,12,0,868400442,60859,12,0,0,0,0,0,18,1,13656,18,0,0,0,60719,67616852664,501181381709
2022-10-16,Z304GJ7S,0,159366056,12,0,870575042,60883,12,0,0,0,0,0,19,1,13656,19,0,0,0,60743,67618092688,501445857256
2022-10-17,Z304GJ7S,0,9201432,12,0,872361861,60906,12,0,0,0,0,0,18,1,13656,18,0,0,0,60767,67619249488,501702736470
2022-10-18,Z304GJ7S,0,116029568,12,0,873497228,60930,12,0,0,0,0,0,18,1,13656,18,0,0,0,60790,67620380352,501919684866
2022-10-19,Z304GJ7S,0,135248616,12,0,875337392,60953,12,0,0,0,0,0,18,1,13656,18,0,0,0,60814,67621335752,502063863134
2022-10-20,Z304GJ7S,0,193902304,12,0,876798686,60977,12,0,0,0,0,0,18,1,13656,18,0,0,0,60837,67622610008,502439026686
2022-10-21,Z304GJ7S,0,156060648,12,0,879406853,61001,12,0,0,0,0,0,18,1,13656,18,0,0,0,60861,67623615768,502775133775
2022-10-22,Z304GJ7S,0,137898896,12,0,880419029,61024,12,0,0,0,0,0,18,1,13656,18,0,0,0,60884,67624593816,502947191048
2022-10-23,Z304GJ7S,0,116366440,12,0,882776972,61048,12,0,0,0,0,0,18,1,13656,18,0,0,0,60908,67625567344,507486232193
2022-10-24,Z304GJ7S,0,183154072,12,0,885095350,61071,12,0,0,0,0,0,18,1,13656,18,0,0,0,60932,67626681296,507719895487
2022-10-25,Z304GJ7S,0,47558144,12,0,886867193,61095,12,0,0,0,0,0,18,1,13656,18,0,0,0,60955,67628130856,507963858082
2022-10-26,Z304GJ7S,0,159674056,12,0,888873088,61119,12,0,0,0,0,0,18,1,13656,18,0,0,0,60979,67629030520,508041097873
2022-10-27,Z304GJ7S,0,14832504,12,0,889978501,61142,12,0,0,0,0,0,18,1,13656,18,0,0,0,61003,67630210760,508193777698
2022-10-28,Z304GJ7S,0,155610008,12,0,891253343,61178,12,0,0,0,0,0,18,1,13656,18,0,0,0,61038,67631618552,508354022663
2022-10-29,Z304GJ7S,0,183910280,12,0,893065354,61201,12,0,0,0,0,0,18,1,13656,18,0,0,0,61062,67632422592,508567167252
2022-10-30,Z304GJ7S,0,21498680,12,0,895978700,61225,12,0,0,0,0,0,19,1,13656,19,0,0,0,61085,67633636816,508836908375
2022-10-31,Z304GJ7S,0,149914896,12,0,897531783,61248,12,0,0,0,0,0,18,1,13656,18,0,0,0,61109,67634825376,509047583324
2022-11-01,Z304GJ7S,0,190693336,12,0,899031032,61272,12,0,0,0,0,0,18,1,13656,18,0,0,0,61132,67635566736,509182995583
2022-11-02,Z304GJ7S,0,181051816,12,0,900789453,61296,12,0,0,0,0,0,18,1,13656,18,0,0,0,61156,67638041312,509336014320
2022-11-03,Z304GJ7S,0,130060584,12,0,902508958,61319,12,0,0,0,0,0,18,1,13656,18,0,0,0,61179,67639122408,509535741462
2022-11-04,Z304GJ7S,0,107500632,12,0,904014337,61342,12,0,0,0,0,0,18,1,13656,18,0,0,0,61203,67640002392,509761428178
2022-11-05,Z304GJ7S,0,68284208,12,0,905565895,61366,12,0,0,0,0,0,18,1,13656,18,0,0,0,61226,67640826736,510011935805
2022-11-06,Z304GJ7S,0,167649056,12,0,908191525,61389,12,0,0,0,0,0,18,1,13656,18,0,0,0,61249,67641659872,510291049913
2022-11-07,Z304GJ7S,0,216879352,12,0,910018518,61412,12,0,0,0,0,0,18,1,13656,18,0,0,0,61273,67642597832,510593479427
2022-11-08,Z304GJ7S,0,191489376,12,0,911424291,61436,12,0,0,0,0,0,18,1,13656,18,0,0,0,61296,67643428688,510794769107
2022-11-09,Z304GJ7S,0,75276760,12,0,913281056,61459,12,0,0,0,0,0,18,1,13656,18,0,0,0,61319,67644268800,510933705026
2022-11-10,Z304GJ7S,0,200820288,12,0,914930781,61483,12,0,0,0,0,0,18,1,13656,18,0,0,0,61343,67645248048,511233651809
2022-11-11,Z304GJ7S,0,210256544,12,0,915807608,61506,12,0,0,0,0,0,18,1,13656,18,0,0,0,61366,67646092160,511418807659
2022-11-12,Z304GJ7S,0,94786880,12,0,916763307,61529,12,0,0,0,0,0,18,1,13656,18,0,0,0,61390,67646883328,511609280672
2022-11-13,Z304GJ7S,0,113322336,12,0,918963377,61553,12,0,0,0,0,0,18,1,13656,18,0,0,0,61413,67647804200,516188244930
2022-11-14,Z304GJ7S,0,238754848,12,0,920964882,61576,12,0,0,0,0,0,18,1,13656,18,0,0,0,61436,67648673864,516466607289
2022-11-15,Z304GJ7S,0,86694048,12,0,922981835,61599,12,0,0,0,0,0,18,1,13656,18,0,0,0,61460,67649577000,516758267919
2022-11-16,Z304GJ7S,0,69460960,12,0,924901405,61623,12,0,0,0,0,0,18,1,13656,18,0,0,0,61483,67650479728,516831410507
2022-11-17,Z304GJ7S,0,80362920,12,0,927201051,61646,12,0,0,0,0,0,18,1,13656,18,0,0,0,61506,67651367648,516991886504
2022-11-18,Z304GJ7S,0,119765784,12,0,932101905,61681,12,0,0,0,0,0,18,1,13656,18,0,0,0,61541,67652257904,525738600683
2022-11-19,Z304GJ7S,0,178463096,12,0,935167277,61704,12,0,0,0,0,0,18,1,13656,18,0,0,0,61565,67655244440,543065152029
2022-11-20,Z304GJ7S,0,110590072,12,0,938471054,61728,12,0,0,0,0,0,18,1,13656,18,0,0,0,61588,67656744120,543359285337
2022-11-21,Z304GJ7S,0,77925880,12,0,940082000,61751,12,0,0,0,0,0,18,1,13656,18,0,0,0,61611,67658302696,543607316046
2022-11-22,Z304GJ7S,0,143147744,12,0,941456126,61774,12,0,0,0,0,0,18,1,13656,18,0,0,0,61635,67659349088,543798264363
2022-11-23,Z304GJ7S,0,187407216,12,0,942986828,61798,12,0,0,0,0,0,18,1,13656,18,0,0,0,61658,67660169760,543911952147
2022-11-24,Z304GJ7S,0,31113936,12,0,943941031,61821,12,0,0,0,0,0,18,1,13656,18,0,0,0,61682,67660938552,544142619272
2022-11-25,Z304GJ7S,0,31907736,12,0,944822782,61845,12,0,0,0,0,0,18,1,13656,18,0,0,0,61705,67661693368,544382993130
2022-11-26,Z304GJ7S,0,51385992,12,0,946223277,61868,12,0,0,0,0,0,19,1,13656,19,0,0,0,61728,67662728112,544750945456
2022-11-27,Z304GJ7S,0,173927640,12,0,949396094,61891,12,0,0,0,0,0,18,1,13656,18,0,0,0,61752,67663735072,545102008860
2022-11-28,Z304GJ7S,0,24646912,12,0,951982311,61915,12,0,0,0,0,0,18,1,13656,18,0,0,0,61775,67664696656,545302892754
2022-11-29,Z304GJ7S,0,98625376,12,0,953591440,61938,12,0,0,0,0,0,18,1,13656,18,0,0,0,61798,67665389368,545509373954
2022-11-30,Z304GJ7S,0,151521888,12,0,955665359,61961,12,0,0,0,0,0,18,1,13656,18,0,0,0,61822,67666140760,545644061478
2022-12-01,Z304GJ7S,0,11227584,12,0,957179588,61985,12,0,0,0,0,0,18,1,13656,18,0,0,0,61845,67666976312,545865607757
2022-12-02,Z304GJ7S,0,55998872,12,0,958540723,62008,12,0,0,0,0,0,18,1,13656,18,0,0,0,61868,67668040632,546050520906
2022-12-03,Z304GJ7S,0,143992712,12,0,959613673,62031,12,0,0,0,0,0,18,1,13656,18,0,0,0,61892,67668942992,546201730164
2022-12-04,Z304GJ7S,0,24879128,12,0,962956135,62067,12,0,0,0,0,0,18,1,13656,18,0,0,0,61927,67670371048,546446847776
2022-12-05,Z304GJ7S,0,181155064,12,0,964469490,62090,12,0,0,0,0,0,18,1,13656,18,0,0,0,61950,67671245384,546636807682
2022-12-06,Z304GJ7S,0,54953552,12,0,966101827,62113,12,0,0,0,0,0,18,1,13656,18,0,0,0,61974,67671974040,546799193035
2022-12-07,Z304GJ7S,0,19040336,12,0,967717629,62137,12,0,0,0,0,0,18,1,13656,18,0,0,0,61997,67672661824,546954875611
2022-12-08,Z304GJ7S,0,157241808,12,0,969270108,62160,12,0,0,0,0,0,18,1,13656,18,0,0,0,62020,67673549640,547125200716
2022-12-09,Z304GJ7S,0,198324848,12,0,970690662,62184,12,0,0,0,0,0,18,1,13656,18,0,0,0,62044,67674698336,547355108216
2022-12-11,Z304GJ7S,0,216324472,12,0,974762887,62230,12,0,0,0,0,0,18,1,13656,18,0,0,0,62091,67677027344,547829469629
2022-12-11,Z304GJ7S,0,216324472,12,0,974762887,62230,12,0,0,0,0,0,18,1,13656,18,0,0,0,62091,67677027344,547829469629
2022-12-12,Z304GJ7S,0,100908840,12,0,976708920,62254,12,0,0,0,0,0,18,1,13656,18,0,0,0,62114,67678383016,548082713430
2022-12-13,Z304GJ7S,0,124135784,12,0,977986108,62277,12,0,0,0,0,0,18,1,13656,18,0,0,0,62137,67679231944,548301271705
2022-12-14,Z304GJ7S,0,236907304,12,0,979819383,62300,12,0,0,0,0,0,18,1,13656,18,0,0,0,62161,67680460280,548439024815
2022-12-15,Z304GJ7S,0,114337296,12,0,981396414,62324,12,0,0,0,0,0,18,1,13656,18,0,0,0,62184,67681904512,548691336180
2022-12-16,Z304GJ7S,0,160923360,12,0,982735805,62348,12,0,0,0,0,0,18,1,13656,18,0,0,0,62208,67682863472,548968438620
2022-12-17,Z304GJ7S,0,212635040,12,0,984372826,62371,12,0,0,0,0,0,18,1,13656,18,0,0,0,62232,67683808488,549289444702
2022-12-18,Z304GJ7S,0,183638160,12,0,986589472,62395,12,0,0,0,0,0,18,1,13656,18,0,0,0,62255,67684940608,549442926207
2022-12-19,Z304GJ7S,0,70212544,12,0,987865370,62419,12,0,0,0,0,0,18,1,13656,18,0,0,0,62279,67686076056,549675191012
2022-12-20,Z304GJ7S,0,26494264,12,0,989585142,62442,12,0,0,0,0,0,18,1,13656,18,0,0,0,62303,67688910496,549908071064
2022-12-21,Z304GJ7S,0,198624848,12,0,991564666,62466,12,0,0,0,0,0,18,1,13656,18,0,0,0,62326,67690234416,554371362301
2022-12-22,Z304GJ7S,0,106589392,12,0,992965240,62489,12,0,0,0,0,0,18,1,13656,18,0,0,0,62350,67691288112,554660114709
2022-12-23,Z304GJ7S,0,41950664,12,0,994380497,62513,12,0,0,0,0,0,18,1,13656,18,0,0,0,62373,67692548152,554920985147
2022-12-24,Z304GJ7S,0,241462392,12,0,995998733,62537,12,0,0,0,0,0,18,1,13656,18,0,0,0,62397,67693825208,555164589170
2022-12-25,Z304GJ7S,0,170311736,12,0,998259947,62560,12,0,0,0,0,0,18,1,13656,18,0,0,0,62421,67695278952,555442104413
2022-12-26,Z304GJ7S,0,81577232,12,0,253675,62584,12,0,0,0,0,0,18,1,13656,18,0,0,0,62444,67696842832,555721056556
2022-12-27,Z304GJ7S,0,165367336,12,0,1205854,62608,12,0,0,0,0,0,18,1,13656,18,0,0,0,62468,67699186376,555938960824
2022-12-28,Z304GJ7S,0,208351856,12,0,3397107,62631,12,0,0,0,0,0,18,1,13656,18,0,0,0,62491,67700795384,560414502210
2022-12-29,Z304GJ7S,0,99070024,12,0,6196622,62655,12,0,0,0,0,0,18,1,13656,18,0,0,0,62515,67701854160,560800945220
2022-12-30,Z304GJ7S,0,228847728,12,0,8429242,62678,12,0,0,0,0,0,18,1,13656,18,0,0,0,62539,67703228248,561129758045
2022-12-31,Z304GJ7S,0,160260600,12,0,9987533,62702,12,0,0,0,0,0,18,1,13656,18,0,0,0,62562,67704321936,561365489756
