2022-01-01,Z305CTRG,0,177103784,16,0,903883046,51670,16,2,0,0,0,0,24,1,9811,24,0,0,0,51586,59492726880,345907381803
2022-01-02,Z305CTRG,0,1445408,16,0,904538848,51686,16,2,0,0,0,0,24,1,9811,24,0,0,0,51602,59499008296,345984112076
2022-01-03,Z305CTRG,0,167960856,16,0,906309670,51718,16,2,0,0,0,0,24,1,9811,24,0,0,0,51634,59512507688,346243310539
2022-01-04,Z305CTRG,0,76186064,16,0,907525765,51733,16,2,0,0,0,0,24,1,9811,24,0,0,0,51650,59522316312,346354789705
2022-01-05,Z305CTRG,0,215512696,16,0,910711924,51765,16,2,0,0,0,0,24,1,9811,24,0,0,0,51681,59549742120,346681662582
2022-01-06,Z305CTRG,0,39391288,16,0,911742428,51781,16,2,0,0,0,0,24,1,9811,24,0,0,0,51697,59561491280,346859097857
2022-01-07,Z305CTRG,0,179797128,16,0,914675470,51813,16,2,0,0,0,0,23,1,9811,23,0,0,0,51729,59570477536,347114612500
2022-01-08,Z305CTRG,0,143097688,16,0,915829212,51828,16,2,0,0,0,0,24,1,9811,24,0,0,0,51745,59577235672,347285248996
2022-01-09,Z305CTRG,0,38696624,16,0,918099743,51860,16,2,0,0,0,0,24,1,9811,24,0,0,0,51776,59602659456,347719200540
2022-01-10,Z305CTRG,0,188465400,16,0,919150967,51876,16,2,0,0,0,0,24,1,9811,24,0,0,0,51792,59610177592,347901704152
2022-01-11,Z305CTRG,0,179624520,16,0,921395819,51907,16,2,0,0,0,0,25,1,9811,25,0,0,0,51824,59623699856,348273725334
2022-01-12,Z305CTRG,0,209342288,16,0,922299433,51923,16,2,0,0,0,0,24,1,9811,24,0,0,0,51840,59634074224,348422977267
2022-01-13,Z305CTRG,0,214444440,16,0,924586730,51955,16,2,0,0,0,0,25,1,9811,25,0,0,0,51871,59650431368,348787507558
2022-01-14,Z305CTRG,0,151540192,16,0,926458314,51971,16,2,0,0,0,0,23,1,9811,23,0,0,0,51887,59658057272,348859007013
2022-01-15,Z305CTRG,0,172995632,16,0,928477319,52002,16,2,0,0,0,0,24,1,9811,24,0,0,0,51919,59693186800,349175201092
2022-01-16,Z305CTRG,0,35693832,16,0,929500195,52018,16,2,0,0,0,0,24,1,9811,24,0,0,0,51935,59708290080,349349369254
2022-01-17,Z305CTRG,0,196363800,16,0,931473493,52050,16,2,0,0,0,0,24,1,9811,24,0,0,0,51966,59724896864,349748998497
2022-01-18,Z305CTRG,0,185524552,16,0,932497389,52066,16,2,0,0,0,0,24,1,9811,24,0,0,0,51982,59734447696,349948394646
2022-01-19,Z305CTRG,0,188282544,16,0,938067537,52098,16,2,0,0,0,0,27,1,9811,27,0,0,0,52014,59751910272,350373863806
2022-01-20,Z305CTRG,0,140653656,16,0,940058022,52129,16,2,0,0,0,0,26,1,9811,26,0,0,0,52046,59770766264,350630375214
2022-01-21,Z305CTRG,0,206527808,16,0,941129890,52145,16,2,0,0,0,0,25,1,9811,25,0,0,0,52061,59779779248,350672468184
2022-01-22,Z305CTRG,0,180688736,16,0,943230182,52177,16,2,0,0,0,0,27,1,9811,27,0,0,0,52093,59806183216,350995719073
2022-01-23,Z305CTRG,0,149506424,16,0,944361852,52193,16,2,0,0,0,0,27,1,9811,27,0,0,0,52109,59822729960,351190033443
2022-01-24,Z305CTRG,0,112607272,16,0,946599803,52224,16,2,0,0,0,0,26,1,9811,26,0,0,0,52141,59844114048,351543553049
2022-01-25,Z305CTRG,0,46487720,16,0,948172728,52240,16,2,0,0,0,0,26,1,9811,26,0,0,0,52157,59851088760,351714325373
2022-01-26,Z305CTRG,0,148895200,16,0,950271333,52256,16,2,0,0,0,0,26,1,9811,26,0,0,0,52172,59863092696,351895845279
2022-01-27,Z305CTRG,0,87773232,16,0,952853736,52288,16,2,0,0,0,0,27,1,9811,27,0,0,0,52204,59879003256,352235178418
2022-01-28,Z305CTRG,0,116749584,16,0,954555451,52304,16,2,0,0,0,0,26,1,9811,26,0,0,0,52220,59893423224,352321210076
2022-01-29,Z305CTRG,0,110784392,16,0,956643117,52335,16,2,0,0,0,0,26,1,9811,26,0,0,0,52252,59910822160,352707661264
2022-01-30,Z305CTRG,0,211649872,16,0,957446964,52351,16,2,0,0,0,0,27,1,9811,27,0,0,0,52267,59921190024,352963812202
2022-01-31,Z305CTRG,0,68262800,16,0,959648069,52383,16,2,0,0,0,0,27,1,9811,27,0,0,0,52299,59934705280,353414573181
2022-02-01,Z305CTRG,0,243494928,16,0,960735924,52399,16,2,0,0,0,0,25,1,9811,25,0,0,0,52315,59941796440,353614757450
2022-02-02,Z305CTRG,0,103503360,16,0,964219186,52430,16,2,0,0,0,0,24,1,9811,24,0,0,0,52347,59959632648,353947405095
2022-02-03,Z305CTRG,0,207899984,16,0,965261272,52446,16,2,0,0,0,0,24,1,9811,24,0,0,0,52362,59969819480,354120445834
2022-02-04,Z305CTRG,0,189579656,16,0,968066518,52478,16,2,0,0,0,0,25,1,9811,25,0,0,0,52394,59988292240,354345204816
2022-02-05,Z305CTRG,0,206955128,16,0,969998433,52510,16,2,0,0,0,0,26,1,9811,26,0,0,0,52426,60011721776,354598588173
2022-02-06,Z305CTRG,0,211195944,16,0,970612699,52525,16,2,0,0,0,0,24,1,9811,24,0,0,0,52442,60026303976,354668096939
2022-02-07,Z305CTRG,0,174587264,16,0,972787307,52557,16,2,0,0,0,0,24,1,9811,24,0,0,0,52473,60046913944,354954121377
2022-02-08,Z305CTRG,0,201693136,16,0,974049005,52573,16,2,0,0,0,0,25,1,9811,25,0,0,0,52489,60057904528,355064508455
2022-02-09,Z305CTRG,0,150772568,16,0,976492245,52605,16,2,0,0,0,0,24,1,9811,24,0,0,0,52521,60078388448,355263665806
2022-02-10,Z305CTRG,0,108945368,16,0,977653186,52621,16,2,0,0,0,0,25,1,9811,25,0,0,0,52537,60087527632,355408717815
2022-02-11,Z305CTRG,0,111746816,16,0,981065332,52653,16,2,0,0,0,0,25,1,9811,25,0,0,0,52569,60105252848,355606257558
2022-02-12,Z305CTRG,0,8924560,16,0,981399526,52668,16,2,0,0,0,0,25,1,9811,25,0,0,0,52585,60114173120,355638839725
2022-02-13,Z305CTRG,0,168001184,16,0,983007452,52700,16,2,0,0,0,0,24,1,9811,24,0,0,0,52616,60136584392,355903657683
2022-02-14,Z305CTRG,0,59316824,16,0,983965757,52716,16,2,0,0,0,0,24,1,9811,24,0,0,0,52632,60151900224,356053803158
2022-02-15,Z305CTRG,0,226926232,16,0,987045940,52748,16,2,0,0,0,0,25,1,9811,25,0,0,0,52664,60171913976,356320594514
2022-02-16,Z305CTRG,0,119408816,16,0,988340878,52764,16,2,0,0,0,0,25,1,9811,25,0,0,0,52680,60185332104,356441521806
2022-02-17,Z305CTRG,0,169630384,16,0,990091881,52795,16,2,0,0,0,0,24,1,9811,24,0,0,0,52712,60205568872,356695685190
2022-02-18,Z305CTRG,0,19990920,16,0,990826177,52811,16,2,0,0,0,0,25,1,9811,25,0,0,0,52727,60209405552,356735603908
2022-02-19,Z305CTRG,0,210476264,16,0,995023248,52843,16,2,0,0,0,0,25,1,9811,25,0,0,0,52759,60226349800,356954093728
2022-02-20,Z305CTRG,0,64716456,16,0,995850804,52858,16,2,0,0,0,0,25,1,9811,25,0,0,0,52775,60228671232,357080535560
2022-02-21,Z305CTRG,0,125050280,16,0,997874580,52890,16,2,0,0,0,0,25,1,9811,25,0,0,0,52806,60233322832,357451652177
2022-02-22,Z305CTRG,0,50860832,16,0,1582553,52922,16,2,0,0,0,0,26,1,9811,26,0,0,0,52838,60239389616,357828335627
2022-02-23,Z305CTRG,0,66904008,16,0,2925528,52938,16,2,0,0,0,0,25,1,9811,25,0,0,0,52854,60245086632,358116138624
2022-02-24,Z305CTRG,0,123904328,16,0,5402797,52969,16,2,0,0,0,0,25,1,9811,25,0,0,0,52886,60252190504,358452503772
2022-02-25,Z305CTRG,0,139222728,16,0,6932467,52985,16,2,0,0,0,0,24,1,9811,24,0,0,0,52901,60254518464,358574716635
2022-02-26,Z305CTRG,0,148055656,16,0,8809650,53017,16,2,0,0,0,0,23,1,9811,23,0,0,0,52933,60260566792,358929851166
2022-02-27,Z305CTRG,0,241222048,16,0,9827270,53033,16,2,0,0,0,0,25,1,9811,25,0,0,0,52949,60262957944,359104235969
2022-02-28,Z305CTRG,0,113010616,16,0,11465365,53064,16,2,0,0,0,0,24,1,9811,24,0,0,0,52981,60268554760,359393819063
2022-03-01,Z305CTRG,0,215549632,16,0,13231715,53080,16,2,0,0,0,0,24,1,9811,24,0,0,0,52997,60272504720,359606385777
2022-03-02,Z305CTRG,0,141959888,16,0,15873450,53112,16,2,0,0,0,0,25,1,9811,25,0,0,0,53028,60281781280,359997273073
2022-03-03,Z305CTRG,0,225048448,16,0,16753414,53128,16,2,0,0,0,0,25,1,9811,25,0,0,0,53044,60285627680,360203822161
2022-03-04,Z305CTRG,0,180042240,16,0,18378636,53144,16,2,0,0,0,0,24,1,9811,24,0,0,0,53060,60289015856,360297861436
2022-03-05,Z305CTRG,0,240726360,16,0,20237043,53175,16,2,0,0,0,0,25,1,9811,25,0,0,0,53092,60300384680,360602584433
2022-03-06,Z305CTRG,0,211482064,16,0,21140264,53191,16,2,0,0,0,0,25,1,9811,25,0,0,0,53107,60305545448,360767811866
2022-03-07,Z305CTRG,0,129592992,16,0,23131366,53223,16,2,0,0,0,0,25,1,9811,25,0,0,0,53139,60317813072,361137466042
2022-03-08,Z305CTRG,0,133057216,16,0,24206961,53239,16,2,0,0,0,0,25,1,9811,25,0,0,0,53155,60324181696,361312078945
2022-03-09,Z305CTRG,0,29041280,16,0,27847582,53270,16,2,0,0,0,0,25,1,9811,25,0,0,0,53187,60340199456,361664579229
2022-03-10,Z305CTRG,0,17304072,16,0,30299822,53302,16,2,0,0,0,0,25,1,9811,25,0,0,0,53218,60354635928,362011847319
2022-03-11,Z305CTRG,0,194896904,16,0,31545937,53318,16,2,0,0,0,0,25,1,9811,25,0,0,0,53234,60361854464,362056900372
2022-03-12,Z305CTRG,0,33404848,16,0,33659475,53349,16,2,0,0,0,0,25,1,9811,25,0,0,0,53266,60377234512,362338858840
2022-03-13,Z305CTRG,0,159678728,16,0,34307732,53365,16,2,0,0,0,0,26,1,9811,26,0,0,0,53281,60383983776,362487733470
2022-03-14,Z305CTRG,0,192777144,16,0,35893344,53397,16,2,0,0,0,0,25,1,9811,25,0,0,0,53313,60400508368,362953441448
2022-03-15,Z305CTRG,0,152170920,16,0,37532284,53413,16,2,0,0,0,0,25,1,9811,25,0,0,0,53329,60407640256,363214597146
2022-03-16,Z305CTRG,0,85438896,16,0,41201557,53445,16,2,0,0,0,0,26,1,9811,26,0,0,0,53361,60425226944,363596377196
2022-03-17,Z305CTRG,0,159282168,16,0,42333138,53460,16,2,0,0,0,0,25,1,9811,25,0,0,0,53377,60433547104,363758080719
2022-03-18,Z305CTRG,0,159346888,16,0,45092501,53492,16,2,0,0,0,0,25,1,9811,25,0,0,0,53408,60447783200,363959433588
2022-03-19,Z305CTRG,0,133471192,16,0,46075398,53508,16,2,0,0,0,0,25,1,9811,25,0,0,0,53424,60456426968,364110289530
2022-03-20,Z305CTRG,0,163235344,16,0,47944768,53539,16,2,0,0,0,0,26,1,9811,26,0,0,0,53455,60475721904,364337393682
2022-03-21,Z305CTRG,0,57640056,16,0,50544443,53555,16,2,0,0,0,0,25,1,9811,25,0,0,0,53471,60482227088,364438765056
2022-03-22,Z305CTRG,0,125878712,16,0,53873944,53586,16,2,0,0,0,0,24,1,9811,24,0,0,0,53503,60498044864,364730863135
2022-03-23,Z305CTRG,0,120422344,16,0,55082920,53602,16,2,0,0,0,0,25,1,9811,25,0,0,0,53519,60504884472,364828715870
2022-03-24,Z305CTRG,0,234486248,16,0,56465164,53634,16,2,0,0,0,0,26,1,9811,26,0,0,0,53550,60521678768,365010125016
2022-03-25,Z305CTRG,0,162625464,16,0,58078811,53650,16,2,0,0,0,0,25,1,9811,25,0,0,0,53566,60529753336,365079047778
2022-03-26,Z305CTRG,0,111446536,16,0,60521083,53681,16,2,0,0,0,0,26,1,9811,26,0,0,0,53598,60545218576,365256112238
2022-03-27,Z305CTRG,0,86493560,16,0,61001208,53697,16,2,0,0,0,0,25,1,9811,25,0,0,0,53614,60553447728,365317133872
2022-03-28,Z305CTRG,0,232756792,16,0,62588712,53729,16,2,0,0,0,0,26,1,9811,26,0,0,0,53645,60570203496,365578061814
2022-03-29,Z305CTRG,0,26430384,16,0,63517308,53745,16,2,0,0,0,0,26,1,9811,26,0,0,0,53661,60578257952,365719877134
2022-03-30,Z305CTRG,0,216219736,16,0,66910231,53776,16,2,0,0,0,0,26,1,9811,26,0,0,0,53693,60593233200,365979406065
2022-03-31,Z305CTRG,0,159367104,16,0,67773570,53792,16,2,0,0,0,0,26,1,9811,26,0,0,0,53708,60603074248,366087667129
2022-04-01,Z305CTRG,0,180304416,16,0,70433790,53824,16,2,0,0,0,0,25,1,9811,25,0,0,0,53740,60613626368,366271688455
2022-04-02,Z305CTRG,0,90391032,16,0,71150816,53840,16,2,0,0,0,0,25,1,9811,25,0,0,0,53756,60618898552,366375069754
2022-04-03,Z305CTRG,0,85144224,16,0,72932312,53872,16,2,0,0,0,0,26,1,9811,26,0,0,0,53788,60635084160,366629717000
2022-04-04,Z305CTRG,0,224848856,16,0,74027892,53887,16,2,0,0,0,0,26,1,9811,26,0,0,0,53804,60641443064,366842722744
2022-04-05,Z305CTRG,0,240242032,16,0,76521244,53919,16,2,0,0,0,0,25,1,9811,25,0,0,0,53835,60652615976,367216850973
2022-04-06,Z305CTRG,0,219592400,16,0,78938340,53935,16,2,0,0,0,0,25,1,9811,25,0,0,0,53851,60658030920,367418527616
2022-04-07,Z305CTRG,0,217833896,16,0,81112143,53967,16,2,0,0,0,0,26,1,9811,26,0,0,0,53883,60667389488,367857087293
2022-04-08,Z305CTRG,0,95801088,16,0,82376321,53982,16,2,0,0,0,0,25,1,9811,25,0,0,0,53899,60672675288,367942647642
2022-04-09,Z305CTRG,0,172198088,16,0,84713061,54014,16,2,0,0,0,0,25,1,9811,25,0,0,0,53930,60682139312,368221797646
2022-04-10,Z305CTRG,0,206997352,16,0,85701854,54030,16,2,0,0,0,0,25,1,9811,25,0,0,0,53946,60687803832,368402837941
2022-04-11,Z305CTRG,0,66318176,16,0,87443070,54062,16,2,0,0,0,0,26,1,9811,26,0,0,0,53978,60699822832,368683770103
2022-04-12,Z305CTRG,0,2832896,16,0,88333533,54077,16,2,0,0,0,0,27,1,9811,27,0,0,0,53994,60704931192,368838281341
2022-04-13,Z305CTRG,0,165653200,16,0,91995175,54109,16,2,0,0,0,0,26,1,9811,26,0,0,0,54025,60717312336,369255386661
2022-04-14,Z305CTRG,0,62976072,16,0,92760802,54125,16,2,0,0,0,0,26,1,9811,26,0,0,0,54041,60723818048,369402474378
2022-04-15,Z305CTRG,0,6058112,16,0,95646998,54156,16,2,0,0,0,0,25,1,9811,25,0,0,0,54073,60735642664,369699087108
2022-04-16,Z305CTRG,0,56628648,16,0,97358734,54188,16,2,0,0,0,0,26,1,9811,26,0,0,0,54104,60747662280,370013311142
2022-04-17,Z305CTRG,0,159590976,16,0,98276446,54204,16,2,0,0,0,0,26,1,9811,26,0,0,0,54120,60753404448,370180160970
2022-04-18,Z305CTRG,0,110055952,16,0,100418297,54236,16,2,0,0,0,0,27,1,9811,27,0,0,0,54152,60761952344,370581613716
2022-04-19,Z305CTRG,0,98588664,16,0,101486223,54251,16,2,0,0,0,0,26,1,9811,26,0,0,0,54168,60768365784,370729355077
2022-04-20,Z305CTRG,0,157303344,16,0,105162929,54283,16,2,0,0,0,0,26,1,9811,26,0,0,0,54200,60783467688,371071384105
2022-04-21,Z305CTRG,0,206500280,16,0,106284459,54299,16,2,0,0,0,0,25,1,9811,25,0,0,0,54215,60788459984,371246642334
2022-04-22,Z305CTRG,0,196479832,16,0,108961414,54331,16,2,0,0,0,0,27,1,9811,27,0,0,0,54247,60798519760,371470604754
2022-04-23,Z305CTRG,0,37756656,16,0,111752211,54347,16,2,0,0,0,0,27,1,9811,27,0,0,0,54263,60804584984,371658893245
2022-04-24,Z305CTRG,0,132957224,16,0,113190578,54378,16,2,0,0,0,0,26,1,9811,26,0,0,0,54295,60815412016,371995517375
2022-04-25,Z305CTRG,0,75921584,16,0,113909428,54394,16,2,0,0,0,0,25,1,9811,25,0,0,0,54311,60821008224,372242726140
2022-04-26,Z305CTRG,0,83226928,16,0,117103791,54426,16,2,0,0,0,0,26,1,9811,26,0,0,0,54342,60833945232,372706707947
2022-04-27,Z305CTRG,0,41596704,16,0,118945928,54442,16,2,0,0,0,0,25,1,9811,25,0,0,0,54358,60840912640,372902553234
2022-04-28,Z305CTRG,0,143867944,16,0,120882949,54473,16,2,0,0,0,0,27,1,9811,27,0,0,0,54390,60851456920,373212702588
2022-04-29,Z305CTRG,0,61667200,16,0,122798725,54489,16,2,0,0,0,0,26,1,9811,26,0,0,0,54406,60859960040,373293783827
2022-04-30,Z305CTRG,0,55447632,16,0,124794099,54521,16,2,0,0,0,0,26,1,9811,26,0,0,0,54437,60877937560,373592826778
2022-05-01,Z305CTRG,0,10699232,16,0,125299247,54537,16,2,0,0,0,0,27,1,9811,27,0,0,0,54453,60885539664,373645672903
2022-05-02,Z305CTRG,0,520560,16,0,126922722,54568,16,2,0,0,0,0,27,1,9811,27,0,0,0,54485,60896508616,373847319221
2022-05-03,Z305CTRG,0,173680584,16,0,127873589,54584,16,2,0,0,0,0,26,1,9811,26,0,0,0,54501,60904465856,373972566433
2022-05-04,Z305CTRG,0,214653080,16,0,130713360,54616,16,2,0,0,0,0,27,1,9811,27,0,0,0,54532,60918334296,374158624783
2022-05-05,Z305CTRG,0,241794408,16,0,131494612,54632,16,2,0,0,0,0,26,1,9811,26,0,0,0,54548,60928422648,374268761391
2022-05-06,Z305CTRG,0,166427560,16,0,134010379,54664,16,2,0,0,0,0,26,1,9811,26,0,0,0,54580,60942698992,374394771262
2022-05-07,Z305CTRG,0,76528112,16,0,135376114,54679,16,2,0,0,0,0,26,1,9811,26,0,0,0,54596,60950837776,374485878421
2022-05-08,Z305CTRG,0,91802528,16,0,136573214,54711,16,2,0,0,0,0,27,1,9811,27,0,0,0,54627,60965117416,374677957102
2022-05-09,Z305CTRG,0,90239024,16,0,137506479,54727,16,2,0,0,0,0,26,1,9811,26,0,0,0,54643,60979378432,374805702536
2022-05-10,Z305CTRG,0,33633168,16,0,139815762,54759,16,2,0,0,0,0,26,1,9811,26,0,0,0,54675,60992358592,375075671246
2022-05-11,Z305CTRG,0,147639304,16,0,141769155,54774,16,2,0,0,0,0,26,1,9811,26,0,0,0,54691,60999640240,375187618092
2022-05-12,Z305CTRG,0,198935528,16,0,143405115,54806,16,2,0,0,0,0,26,1,9811,26,0,0,0,54722,61010237928,375438049955
2022-05-13,Z305CTRG,0,104014544,16,0,145801277,54838,16,2,0,0,0,0,26,1,9811,26,0,0,0,54754,61021112176,375562564428
2022-05-14,Z305CTRG,0,210594376,16,0,146719990,54854,16,2,0,0,0,0,26,1,9811,26,0,0,0,54770,61030212952,375692336295
2022-05-15,Z305CTRG,0,121750320,16,0,148920833,54885,16,2,0,0,0,0,26,1,9811,26,0,0,0,54802,61048694176,376061964956
2022-05-16,Z305CTRG,0,26652400,16,0,150109112,54901,16,2,0,0,0,0,27,1,9811,27,0,0,0,54817,61056131344,376254805611
2022-05-17,Z305CTRG,0,216641184,16,0,153343114,54933,16,2,0,0,0,0,26,1,9811,26,0,0,0,54849,61069843952,376706509869
2022-05-18,Z305CTRG,0,82477856,16,0,155152663,54949,16,2,0,0,0,0,27,1,9811,27,0,0,0,54865,61076061368,376914747045
2022-05-19,Z305CTRG,0,129331200,16,0,156914604,54980,16,2,0,0,0,0,23,1,9811,23,0,0,0,54897,61086105048,377212066173
2022-05-20,Z305CTRG,0,231096544,16,0,158798749,54996,16,2,0,0,0,0,26,1,9811,26,0,0,0,54913,61092920432,377277964520
2022-05-21,Z305CTRG,0,2843032,16,0,162267939,55028,16,2,0,0,0,0,27,1,9811,27,0,0,0,54944,61108949904,377633377466
2022-05-22,Z305CTRG,0,62664624,16,0,163165393,55044,16,2,0,0,0,0,26,1,9811,26,0,0,0,54960,61118543216,377770025235
2022-05-23,Z305CTRG,0,107127240,16,0,164962295,55075,16,2,0,0,0,0,24,1,9811,24,0,0,0,54992,61135316080,378079594101
2022-05-24,Z305CTRG,0,85848440,16,0,166129239,55091,16,2,0,0,0,0,27,1,9811,27,0,0,0,55008,61144587064,378281949983
2022-05-25,Z305CTRG,0,124936048,16,0,169464010,55123,16,2,0,0,0,0,24,1,9811,24,0,0,0,55039,61164295920,378672772657
2022-05-26,Z305CTRG,0,62825808,16,0,170453753,55139,16,2,0,0,0,0,27,1,9811,27,0,0,0,55055,61174514520,378866404319
2022-05-27,Z305CTRG,0,68458824,16,0,172969368,55170,16,2,0,0,0,0,26,1,9811,26,0,0,0,55087,61192577448,379038669603
2022-05-28,Z305CTRG,0,75777672,16,0,173941044,55186,16,2,0,0,0,0,27,1,9811,27,0,0,0,55103,61201376968,379213748293
2022-05-29,Z305CTRG,0,180370504,16,0,176018953,55218,16,2,0,0,0,0,26,1,9811,26,0,0,0,55134,61214237072,379590180960
2022-05-30,Z305CTRG,0,85932832,16,0,176947144,55234,16,2,0,0,0,0,26,1,9811,26,0,0,0,55150,61222547008,379750758305
2022-05-31,Z305CTRG,0,7136736,16,0,179807493,55266,16,2,0,0,0,0,27,1,9811,27,0,0,0,55182,61234113696,380082376154
2022-06-01,Z305CTRG,0,183779000,16,0,182136196,55281,16,2,0,0,0,0,27,1,9811,27,0,0,0,55198,61244750216,380292571106
2022-06-02,Z305CTRG,0,1901832,16,0,183716987,55313,16,2,0,0,0,0,22,1,9811,22,0,0,0,55230,61261169232,380597402463
2022-06-03,Z305CTRG,0,104875656,16,0,184939455,55329,16,2,0,0,0,0,27,1,9811,27,0,0,0,55245,61268969696,380658017480
2022-06-04,Z305CTRG,0,182069816,16,0,186966541,55361,16,2,0,0,0,0,27,1,9811,27,0,0,0,55277,61282443440,380913884631
2022-06-05,Z305CTRG,0,24670992,16,0,187702948,55377,16,2,0,0,0,0,26,1,9811,26,0,0,0,55293,61289656312,381070625883
2022-06-07,Z305CTRG,0,55343656,16,0,190751469,55424,16,2,0,0,0,0,27,1,9811,27,0,0,0,55341,61315110672,381785321236
2022-06-08,Z305CTRG,0,18145024,16,0,194316348,55456,16,2,0,0,0,0,24,1,9811,24,0,0,0,55372,61329944432,382149014282
2022-06-09,Z305CTRG,0,57711768,16,0,195363348,55472,16,2,0,0,0,0,27,1,9811,27,0,0,0,55388,61336367232,382300508798
2022-06-10,Z305CTRG,0,65571912,16,0,198388350,55503,16,2,0,0,0,0,23,1,9811,23,0,0,0,55420,61353166248,382547438658
2022-06-11,Z305CTRG,0,87109272,16,0,199524857,55519,16,2,0,0,0,0,26,1,9811,26,0,0,0,55435,61363220376,382710266851
2022-06-12,Z305CTRG,0,21938976,16,0,200740271,55551,16,2,0,0,0,0,24,1,9811,24,0,0,0,55467,61381966304,382862366800
2022-06-13,Z305CTRG,0,44911816,16,0,201765275,55567,16,2,0,0,0,0,27,1,9811,27,0,0,0,55483,61392053824,382981018784
2022-06-14,Z305CTRG,0,107368864,16,0,204223390,55598,16,2,0,0,0,0,27,1,9811,27,0,0,0,55515,61408690160,383210684701
2022-06-15,Z305CTRG,0,177388008,16,0,205734419,55614,16,2,0,0,0,0,27,1,9811,27,0,0,0,55531,61416681200,383287516751
2022-06-16,Z305CTRG,0,24243032,16,0,208208906,55646,16,2,0,0,0,0,24,1,9811,24,0,0,0,55562,61430623360,383537949224
2022-06-17,Z305CTRG,0,106720304,16,0,212028287,55678,16,2,0,0,0,0,26,1,9811,26,0,0,0,55594,61443462584,383693325448
2022-06-18,Z305CTRG,0,32043568,16,0,212473110,55693,16,2,0,0,0,0,27,1,9811,27,0,0,0,55610,61453400352,383749624186
2022-06-19,Z305CTRG,0,229523192,16,0,213928686,55725,16,2,0,0,0,0,26,1,9811,26,0,0,0,55641,61469713440,383983355414
2022-06-20,Z305CTRG,0,222267520,16,0,214844879,55741,16,2,0,0,0,0,26,1,9811,26,0,0,0,55657,61479588792,384126885519
2022-06-21,Z305CTRG,0,227661632,16,0,217812205,55773,16,2,0,0,0,0,23,1,9811,23,0,0,0,55689,61493014136,384353724616
2022-06-22,Z305CTRG,0,131398968,16,0,219170164,55789,16,2,0,0,0,0,23,1,9811,23,0,0,0,55705,61510642312,384506161194
2022-06-23,Z305CTRG,0,53335856,16,0,220778860,55820,16,2,0,0,0,0,23,1,9811,23,0,0,0,55737,61531388952,384724650918
2022-06-24,Z305CTRG,0,128918184,16,0,222740165,55836,16,2,0,0,0,0,24,1,9811,24,0,0,0,55752,61544501992,384789350088
2022-06-25,Z305CTRG,0,19692720,16,0,224770488,55868,16,2,0,0,0,0,24,1,9811,24,0,0,0,55784,61558570128,385116412155
2022-06-26,Z305CTRG,0,93978168,16,0,225913160,55884,16,2,0,0,0,0,26,1,9811,26,0,0,0,55800,61565941248,385310651604
2022-06-27,Z305CTRG,0,62216560,16,0,227979934,55915,16,2,0,0,0,0,24,1,9811,24,0,0,0,55832,61584746792,385651070598
2022-06-28,Z305CTRG,0,234972888,16,0,229200155,55931,16,2,0,0,0,0,25,1,9811,25,0,0,0,55848,61589035256,385917991813
2022-06-29,Z305CTRG,0,12037824,16,0,232813032,55963,16,2,0,0,0,0,25,1,9811,25,0,0,0,55879,61599606528,386298176582
2022-06-30,Z305CTRG,0,209269632,16,0,235235813,55994,16,2,0,0,0,0,26,1,9811,26,0,0,0,55911,61611716008,386622811027
2022-07-01,Z305CTRG,0,237061600,16,0,236680880,56010,16,2,0,0,0,0,26,1,9811,26,0,0,0,55926,61616958888,386727106315
2022-07-02,Z305CTRG,0,152136400,16,0,238847942,56042,16,2,0,0,0,0,27,1,9811,27,0,0,0,55958,61629593456,387032681232
2022-07-03,Z305CTRG,0,81116416,16,0,239702928,56058,16,2,0,0,0,0,26,1,9811,26,0,0,0,55974,61638305224,387183681952
2022-07-04,Z305CTRG,0,238027384,16,0,241458122,56089,16,2,0,0,0,0,27,1,9811,27,0,0,0,56006,61651799368,387541597600
2022-07-05,Z305CTRG,0,159801720,16,0,243135625,56105,16,2,0,0,0,0,25,1,9811,25,0,0,0,56021,61659995520,387775355291
2022-07-06,Z305CTRG,0,120467072,16,0,245844613,56137,16,2,0,0,0,0,26,1,9811,26,0,0,0,56053,61678290544,388100758414
2022-07-07,Z305CTRG,0,153600448,16,0,246712416,56152,16,2,0,0,0,0,27,1,9811,27,0,0,0,56069,61688267304,388267875068
2022-07-08,Z305CTRG,0,239202472,16,0,248513563,56168,16,2,0,0,0,0,26,1,9811,26,0,0,0,56085,61695695968,388351639041
2022-07-09,Z305CTRG,0,124397960,16,0,250864420,56200,16,2,0,0,0,0,23,1,9811,23,0,0,0,56116,61707747176,388743234377
2022-07-10,Z305CTRG,0,197664024,16,0,251747488,56216,16,2,0,0,0,0,26,1,9811,26,0,0,0,56132,61713154608,388903996931
2022-07-11,Z305CTRG,0,210119616,16,0,254733173,56248,16,2,0,0,0,0,23,1,9811,23,0,0,0,56164,61723468080,389263490902
2022-07-12,Z305CTRG,0,54641120,16,0,255913939,56263,16,2,0,0,0,0,25,1,9811,25,0,0,0,56180,61728627088,389421570215
2022-07-13,Z305CTRG,0,186609928,16,0,258996420,56295,16,2,0,0,0,0,23,1,9811,23,0,0,0,56211,61744135000,389743027539
2022-07-14,Z305CTRG,0,34288800,16,0,259744624,56311,16,2,0,0,0,0,27,1,9811,27,0,0,0,56227,61749122792,389915354558
2022-07-15,Z305CTRG,0,84241256,16,0,262457797,56343,16,2,0,0,0,0,23,1,9811,23,0,0,0,56259,61766763152,390165144235
2022-07-16,Z305CTRG,0,54144888,16,0,263166558,56359,16,2,0,0,0,0,27,1,9811,27,0,0,0,56275,61774064544,390335640441
2022-07-17,Z305CTRG,0,92171992,16,0,264567424,56390,16,2,0,0,0,0,23,1,9811,23,0,0,0,56307,61787926232,390782495158
2022-07-18,Z305CTRG,0,147304240,16,0,267070320,56422,16,2,0,0,0,0,23,1,9811,23,0,0,0,56338,61808007728,391229931952
2022-07-19,Z305CTRG,0,53619936,16,0,268423582,56438,16,2,0,0,0,0,23,1,9811,23,0,0,0,56354,61813849968,391365548181
2022-07-20,Z305CTRG,0,15691744,16,0,270292654,56453,16,2,0,0,0,0,27,1,9811,27,0,0,0,56370,61822311848,391541438521
2022-07-21,Z305CTRG,0,202032912,16,0,272305801,56485,16,2,0,0,0,0,27,1,9811,27,0,0,0,56401,61837348160,391868288664
2022-07-22,Z305CTRG,0,70318384,16,0,273817900,56501,16,2,0,0,0,0,27,1,9811,27,0,0,0,56417,61845106672,391940016184
2022-07-23,Z305CTRG,0,65929368,16,0,275584279,56532,16,2,0,0,0,0,27,1,9811,27,0,0,0,56449,61860985488,392099137591
2022-07-24,Z305CTRG,0,23628984,17,0,277280294,56564,17,2,0,0,0,0,24,1,9812,24,0,0,0,56481,61871106736,392344017544
2022-07-25,Z305CTRG,0,58460080,17,0,277904512,56580,17,2,0,0,0,0,25,1,9812,25,0,0,0,56496,61878502584,392417294886
2022-07-26,Z305CTRG,0,143552664,17,0,280691883,56612,17,2,0,0,0,0,23,1,9812,23,0,0,0,56528,61891412056,392632939519
2022-07-27,Z305CTRG,0,105487320,17,0,283032963,56628,17,2,0,0,0,0,28,1,9812,28,0,0,0,56544,61898622224,392754470483
2022-07-28,Z305CTRG,0,126791328,18,0,284550859,56660,18,2,0,0,0,0,23,1,9813,23,0,0,0,56576,61918564168,392922334025
2022-07-29,Z305CTRG,0,161057440,18,0,286415004,56676,18,2,0,0,0,0,26,1,9813,26,0,0,0,56592,61923710432,392979560784
2022-07-30,Z305CTRG,0,217612736,18,0,287964518,56707,18,2,0,0,0,0,25,1,9813,25,0,0,0,56624,61934076080,393243799103
2022-07-31,Z305CTRG,0,217402576,18,0,288991280,56723,18,2,0,0,0,0,27,1,9813,27,0,0,0,56639,61940969504,393388269825
2022-08-01,Z305CTRG,0,25900128,18,0,290615637,56755,18,2,0,0,0,0,25,1,9813,25,0,0,0,56671,61958210816,393614438082
2022-08-02,Z305CTRG,0,16116472,18,0,291553490,56771,18,2,0,0,0,0,26,1,9813,26,0,0,0,56687,61966297048,393721923339
2022-08-03,Z305CTRG,0,89611040,18,0,294868472,56802,18,2,0,0,0,0,24,1,9813,24,0,0,0,56719,61985199400,394022236697
2022-08-04,Z305CTRG,0,203221992,18,0,295945945,56818,18,2,0,0,0,0,27,1,9813,27,0,0,0,56734,61992761776,394222346010
2022-08-05,Z305CTRG,0,51957968,18,0,299193732,56850,18,2,0,0,0,0,24,1,9813,24,0,0,0,56766,62006374352,394470869726
2022-08-06,Z305CTRG,0,170567536,18,0,300312898,56866,18,2,0,0,0,0,27,1,9813,27,0,0,0,56782,62013156104,394634408670
2022-08-07,Z305CTRG,0,241273952,18,0,302540792,56898,18,2,0,0,0,0,23,1,9813,23,0,0,0,56814,62025436080,395102337242
2022-08-08,Z305CTRG,0,192952632,18,0,303555163,56913,18,2,0,0,0,0,27,1,9813,27,0,0,0,56830,62033814608,395267779606
2022-08-09,Z305CTRG,0,162742496,18,0,306579194,56945,18,2,0,0,0,0,23,1,9813,23,0,0,0,56861,62047741472,395667110699
2022-08-10,Z305CTRG,0,22012872,18,0,308282585,56961,18,2,0,0,0,0,26,1,9813,26,0,0,0,56877,62053577408,395837772566
2022-08-11,Z305CTRG,0,64554832,18,0,309957974,56993,18,2,0,0,0,0,23,1,9813,23,0,0,0,56909,62064413432,396128942601
2022-08-12,Z305CTRG,0,11291368,18,0,311885025,57008,18,2,0,0,0,0,27,1,9813,27,0,0,0,56925,62070695320,396219729716
2022-08-13,Z305CTRG,0,211808600,18,0,314282189,57040,18,2,0,0,0,0,23,1,9813,23,0,0,0,56956,62085695376,396587180169
2022-08-14,Z305CTRG,0,161900184,18,0,315255693,57056,18,2,0,0,0,0,27,1,9813,27,0,0,0,56972,62093527688,396788622695
2022-08-15,Z305CTRG,0,135719704,18,0,316850216,57087,18,2,0,0,0,0,24,1,9813,24,0,0,0,57004,62107575280,397092608684
2022-08-16,Z305CTRG,0,63696320,18,0,317694799,57103,18,2,0,0,0,0,26,1,9813,26,0,0,0,57020,62112932912,397252792698
2022-08-17,Z305CTRG,0,188927168,18,0,321659466,57135,18,2,0,0,0,0,24,1,9813,24,0,0,0,57051,62124435472,397676386990
2022-08-18,Z305CTRG,0,49492104,18,0,322510192,57151,18,2,0,0,0,0,25,1,9813,25,0,0,0,57067,62132907000,397837943637
2022-08-19,Z305CTRG,0,240110392,18,0,326044579,57182,18,2,0,0,0,0,23,1,9813,23,0,0,0,57099,62149009920,398066843004
2022-08-20,Z305CTRG,0,11946296,18,0,327174421,57198,18,2,0,0,0,0,26,1,9813,26,0,0,0,57114,62155064912,398252682518
2022-08-21,Z305CTRG,0,3561408,18,0,328775117,57230,18,2,0,0,0,0,24,1,9813,24,0,0,0,57146,62168128920,398555112535
2022-08-22,Z305CTRG,0,193732728,18,0,329444117,57246,18,2,0,0,0,0,26,1,9813,26,0,0,0,57162,62173015200,398702255494
2022-08-23,Z305CTRG,0,137483336,18,0,331555451,57277,18,2,0,0,0,0,26,1,9813,26,0,0,0,57194,62187690688,399065778503
2022-08-24,Z305CTRG,0,156768664,18,0,334273332,57309,18,2,0,0,0,0,24,1,9813,24,0,0,0,57225,62203821840,399404330214
2022-08-25,Z305CTRG,0,222834776,18,0,335096216,57325,18,2,0,0,0,0,23,1,9813,23,0,0,0,57241,62219820928,399678541516
2022-08-26,Z305CTRG,0,122161080,18,0,337798769,57356,18,2,0,0,0,0,25,1,9813,25,0,0,0,57273,62236369784,399954275127
2022-08-27,Z305CTRG,0,204737408,18,0,339254573,57372,18,2,0,0,0,0,26,1,9813,26,0,0,0,57288,62243693488,400198870195
2022-08-28,Z305CTRG,0,15244696,18,0,341861322,57404,18,2,0,0,0,0,24,1,9813,24,0,0,0,57320,62255378512,400529325596
2022-08-29,Z305CTRG,0,188250344,18,0,342890843,57420,18,2,0,0,0,0,26,1,9813,26,0,0,0,57336,62260965400,400707259484
2022-08-30,Z305CTRG,0,34105352,18,0,346047753,57451,18,2,0,0,0,0,23,1,9813,23,0,0,0,57368,62271007448,401025072036
2022-08-31,Z305CTRG,0,106018728,18,0,347077769,57467,18,2,0,0,0,0,26,1,9813,26,0,0,0,57383,62278778472,401104099537
2022-09-01,Z305CTRG,0,215592376,18,0,349385346,57499,18,2,0,0,0,0,24,1,9813,24,0,0,0,57415,62299473240,401363651343
2022-09-02,Z305CTRG,0,61585888,18,0,351117275,57515,18,2,0,0,0,0,25,1,9813,25,0,0,0,57431,62312420872,401431741250
2022-09-03,Z305CTRG,0,113849064,18,0,353292693,57547,18,2,0,0,0,0,25,1,9813,25,0,0,0,57463,62329561912,401621602893
2022-09-04,Z305CTRG,0,230856208,18,0,353845075,57562,18,2,0,0,0,0,27,1,9813,27,0,0,0,57479,62341393184,401681923910
2022-09-05,Z305CTRG,0,96419016,18,0,356251594,57594,18,2,0,0,0,0,24,1,9813,24,0,0,0,57510,62356066984,401929012174
2022-09-06,Z305CTRG,0,63340632,18,0,356707757,57610,18,2,0,0,0,0,26,1,9813,26,0,0,0,57526,62364541168,401972009561
2022-09-07,Z305CTRG,0,62341968,18,0,359821633,57642,18,2,0,0,0,0,24,1,9813,24,0,0,0,57558,62384302824,402245059367
2022-09-08,Z305CTRG,0,201547368,18,0,362142936,57673,18,2,0,0,0,0,25,1,9813,25,0,0,0,57590,62401362016,402530446956
2022-09-09,Z305CTRG,0,3808736,18,0,363895600,57689,18,2,0,0,0,0,24,1,9813,24,0,0,0,57606,62407812216,402663259037
2022-09-10,Z305CTRG,0,20067984,18,0,365658720,57721,18,2,0,0,0,0,25,1,9813,25,0,0,0,57637,62423959760,402916249922
2022-09-11,Z305CTRG,0,184709760,18,0,366657874,57737,18,2,0,0,0,0,24,1,9813,24,0,0,0,57653,62431224824,403067298775
2022-09-12,Z305CTRG,0,88977016,18,0,369528739,57768,18,2,0,0,0,0,27,1,9813,27,0,0,0,57685,62454681472,403433228941
2022-09-13,Z305CTRG,0,24837304,18,0,371481375,57784,18,2,0,0,0,0,24,1,9813,24,0,0,0,57700,62462049304,403646991318
2022-09-14,Z305CTRG,0,142417792,18,0,374718869,57816,18,2,0,0,0,0,26,1,9813,26,0,0,0,57732,62481491400,404094788162
2022-09-15,Z305CTRG,0,236653216,18,0,375759505,57832,18,2,0,0,0,0,25,1,9813,25,0,0,0,57748,62489710040,404294880318
2022-09-16,Z305CTRG,0,236495488,18,0,378723093,57863,18,2,0,0,0,0,25,1,9813,25,0,0,0,57780,62505389592,404523699829
2022-09-17,Z305CTRG,0,216639624,18,0,379691410,57879,18,2,0,0,0,0,24,1,9813,24,0,0,0,57795,62514131296,404708468095
2022-09-18,Z305CTRG,0,225764224,18,0,381505669,57911,18,2,0,0,0,0,26,1,9813,26,0,0,0,57827,62530124792,405018508497
2022-09-19,Z305CTRG,0,187295168,18,0,382311201,57927,18,2,0,0,0,0,28,1,9813,28,0,0,0,57843,62536201968,405162386254
2022-09-20,Z305CTRG,0,135948208,18,0,385669366,57958,18,2,0,0,0,0,26,1,9813,26,0,0,0,57875,62552628800,405507673237
2022-09-21,Z305CTRG,0,97957024,18,0,386442889,57974,18,2,0,0,0,0,26,1,9813,26,0,0,0,57890,62560408904,405669374508
2022-09-22,Z305CTRG,0,56905592,18,0,387327744,57990,18,2,0,0,0,0,26,1,9813,26,0,0,0,57906,62566957880,405855225640
2022-09-23,Z305CTRG,0,112736160,18,0,390053749,58022,18,2,0,0,0,0,24,1,9813,24,0,0,0,57938,62583234736,406051268431
2022-09-24,Z305CTRG,0,214948040,18,0,391009283,58037,18,2,0,0,0,0,27,1,9813,27,0,0,0,57954,62590827600,406222688297
2022-09-25,Z305CTRG,0,73369104,18,0,393204515,58069,18,2,0,0,0,0,25,1,9813,25,0,0,0,57985,62598369616,406629377398
2022-09-26,Z305CTRG,0,73432512,18,0,395117137,58102,18,2,0,0,0,0,24,1,9813,24,0,0,0,58018,62600253560,406960064785
2022-09-27,Z305CTRG,0,28805800,18,0,396987231,58118,18,2,0,0,0,0,25,1,9813,25,0,0,0,58034,62601929200,407165370130
2022-09-28,Z305CTRG,0,121678880,18,0,399739542,58149,18,2,0,0,0,0,25,1,9813,25,0,0,0,58066,62604260296,407508678552
2022-09-29,Z305CTRG,0,186478680,18,0,400423791,58165,18,2,0,0,0,0,25,1,9813,25,0,0,0,58081,62605317480,407667309579
2022-09-30,Z305CTRG,0,10664832,18,0,403619243,58197,18,2,0,0,0,0,25,1,9813,25,0,0,0,58113,62607280512,407906570705
2022-10-01,Z305CTRG,0,96193256,18,0,404350240,58213,18,2,0,0,0,0,25,1,9813,25,0,0,0,58129,62608491408,408088874855
2022-10-02,Z305CTRG,0,237327616,18,0,405819265,58244,18,2,0,0,0,0,26,1,9813,26,0,0,0,58161,62610882896,408439325576
2022-10-03,Z305CTRG,0,2927960,18,0,406533773,58260,18,2,0,0,0,0,26,1,9813,26,0,0,0,58177,62612039728,408631470678
2022-10-04,Z305CTRG,0,39868216,18,0,409188083,58292,18,2,0,0,0,0,24,1,9813,24,0,0,0,58208,62614104688,409115308699
2022-10-05,Z305CTRG,0,58842080,18,0,411159222,58308,18,2,0,0,0,0,26,1,9813,26,0,0,0,58224,62615686136,409356018890
2022-10-06,Z305CTRG,0,237458232,18,0,411994510,58324,18,2,0,0,0,0,26,1,9813,26,0,0,0,58240,62616510544,409518495247
2022-10-07,Z305CTRG,0,217053856,18,0,414523093,58355,18,2,0,0,0,0,24,1,9813,24,0,0,0,58272,62618641624,409725784780
2022-10-08,Z305CTRG,0,49567352,18,0,415437733,58371,18,2,0,0,0,0,25,1,9813,25,0,0,0,58288,62619581288,409851755628
2022-10-09,Z305CTRG,0,32553352,18,0,417382472,58403,18,2,0,0,0,0,25,1,9813,25,0,0,0,58320,62621762776,410135165944
2022-10-10,Z305CTRG,0,236793512,18,0,418736999,58435,18,2,0,0,0,0,24,1,9813,24,0,0,0,58351,62624060696,410322408809
2022-10-11,Z305CTRG,0,48512312,18,0,419859803,58451,18,2,0,0,0,0,25,1,9813,25,0,0,0,58367,62625111424,410458356121
2022-10-12,Z305CTRG,0,118447728,18,0,422309588,58482,18,2,0,0,0,0,24,1,9813,24,0,0,0,58399,62627095416,410616766877
2022-10-13,Z305CTRG,0,22074496,18,0,423532347,58498,18,2,0,0,0,0,25,1,9813,25,0,0,0,58414,62628268080,410748730058
2022-10-14,Z305CTRG,0,190920656,18,0,426494688,58530,18,2,0,0,0,0,24,1,9813,24,0,0,0,58446,62629990008,410889160793
2022-10-15,Z305CTRG,0,208465512,18,0,426768893,58546,18,2,0,0,0,0,27,1,9813,27,0,0,0,58462,62631107856,410938900626
2022-10-16,Z305CTRG,0,22407856,18,0,428090776,58577,18,2,0,0,0,0,25,1,9813,25,0,0,0,58494,62633410656,411185122865
2022-10-17,Z305CTRG,0,45136176,18,0,429060466,58593,18,2,0,0,0,0,27,1,9813,27,0,0,0,58510,62634729376,411343471540
2022-10-18,Z305CTRG,0,236211312,18,0,431879457,58625,18,2,0,0,0,0,24,1,9813,24,0,0,0,58541,62637467992,411657704871
2022-10-19,Z305CTRG,0,238726176,18,0,433420789,58641,18,2,0,0,0,0,26,1,9813,26,0,0,0,58557,62638684488,411791030553
2022-10-20,Z305CTRG,0,107012568,18,0,435243590,58672,18,2,0,0,0,0,25,1,9813,25,0,0,0,58589,62641133208,412118156062
2022-10-21,Z305CTRG,0,129398360,18,0,437293748,58688,18,2,0,0,0,0,26,1,9813,26,0,0,0,58605,62642735488,412216414379
2022-10-22,Z305CTRG,0,86962768,18,0,439301081,58720,18,2,0,0,0,0,24,1,9813,24,0,0,0,58636,62645050672,412550214154
2022-10-23,Z305CTRG,0,152040168,18,0,440353746,58736,18,2,0,0,0,0,24,1,9813,24,0,0,0,58652,62646942376,412793837686
2022-10-24,Z305CTRG,0,95764440,18,0,443175132,58768,18,2,0,0,0,0,24,1,9813,24,0,0,0,58684,62648836336,413163395819
2022-10-25,Z305CTRG,0,54405472,18,0,444052238,58784,18,2,0,0,0,0,25,1,9813,25,0,0,0,58700,62650048136,413348445860
2022-10-26,Z305CTRG,0,161177552,18,0,447546036,58815,18,2,0,0,0,0,25,1,9813,25,0,0,0,58731,62652372048,413688672897
2022-10-27,Z305CTRG,0,29868192,18,0,448309329,58831,18,2,0,0,0,0,25,1,9813,25,0,0,0,58747,62653628400,413836958224
2022-10-28,Z305CTRG,0,56830280,18,0,451106175,58863,18,2,0,0,0,0,24,1,9813,24,0,0,0,58779,62655587416,414104361910
2022-10-29,Z305CTRG,0,142148800,18,0,451907306,58879,18,2,0,0,0,0,26,1,9813,26,0,0,0,58795,62656525520,414281109218
2022-10-30,Z305CTRG,0,12884064,18,0,453349992,58911,18,2,0,0,0,0,24,1,9813,24,0,0,0,58827,62658357840,414605277935
2022-10-31,Z305CTRG,0,194463600,18,0,454150029,58926,18,2,0,0,0,0,27,1,9813,27,0,0,0,58843,62659306184,414770114257
2022-11-01,Z305CTRG,0,99186840,18,0,456760396,58958,18,2,0,0,0,0,25,1,9813,25,0,0,0,58874,62660957040,415168217776
2022-11-02,Z305CTRG,0,18293384,18,0,460045584,58990,18,2,0,0,0,0,26,1,9813,26,0,0,0,58906,62663527304,415509923841
2022-11-03,Z305CTRG,0,78526080,18,0,461023847,59006,18,2,0,0,0,0,26,1,9813,26,0,0,0,58922,62664313216,415702491456
2022-11-04,Z305CTRG,0,174666160,18,0,463958973,59037,18,2,0,0,0,0,26,1,9813,26,0,0,0,58953,62665836008,415936102849
2022-11-05,Z305CTRG,0,115599016,18,0,464593783,59053,18,2,0,0,0,0,26,1,9813,26,0,0,0,58969,62666778424,416078639934
2022-11-06,Z305CTRG,0,85087912,18,0,465923314,59085,18,2,0,0,0,0,25,1,9813,25,0,0,0,59001,62668282312,416421208679
2022-11-07,Z305CTRG,0,173933424,18,0,466607122,59101,18,2,0,0,0,0,25,1,9813,25,0,0,0,59017,62669193680,416596523836
2022-11-08,Z305CTRG,0,154631024,18,0,469467884,59132,18,2,0,0,0,0,26,1,9813,26,0,0,0,59048,62670817856,417050023543
2022-11-09,Z305CTRG,0,165745416,18,0,470416975,59148,18,2,0,0,0,0,26,1,9813,26,0,0,0,59064,62671816424,417273777125
2022-11-10,Z305CTRG,0,28712664,18,0,472745608,59179,18,2,0,0,0,0,26,1,9813,26,0,0,0,59096,62673084648,417730929440
2022-11-11,Z305CTRG,0,117082184,18,0,474676527,59195,18,2,0,0,0,0,25,1,9813,25,0,0,0,59111,62673932584,417811610923
2022-11-12,Z305CTRG,0,213192,18,0,476229574,59227,18,2,0,0,0,0,26,1,9813,26,0,0,0,59143,62675094056,418089397411
2022-11-13,Z305CTRG,0,44205648,18,0,477005213,59243,18,2,0,0,0,0,27,1,9813,27,0,0,0,59159,62675809296,418233437170
2022-11-14,Z305CTRG,0,151616928,18,0,479031973,59274,18,2,0,0,0,0,27,1,9813,27,0,0,0,59191,62676994344,418431178223
2022-11-15,Z305CTRG,0,22503192,18,0,480040276,59290,18,2,0,0,0,0,25,1,9813,25,0,0,0,59206,62677928856,418551397241
2022-11-16,Z305CTRG,0,114331584,18,0,483151972,59322,18,2,0,0,0,0,23,1,9813,23,0,0,0,59238,62681010032,418791635903
2022-11-17,Z305CTRG,0,63219256,18,0,487351812,59354,18,2,0,0,0,0,27,1,9813,27,0,0,0,59270,62682765120,418935934893
2022-11-18,Z305CTRG,0,65291816,18,0,489271417,59370,18,2,0,0,0,0,25,1,9813,25,0,0,0,59286,62683124168,418999740608
2022-11-19,Z305CTRG,0,232854624,18,0,491399355,59385,18,2,0,0,0,0,26,1,9813,26,0,0,0,59302,62686098200,419064867960
2022-11-20,Z305CTRG,0,154485624,18,0,492887377,59417,18,2,0,0,0,0,26,1,9813,26,0,0,0,59333,62687716928,419220226653
2022-11-21,Z305CTRG,0,116522904,18,0,494266039,59433,18,2,0,0,0,0,26,1,9813,26,0,0,0,59349,62688442576,419336981722
2022-11-22,Z305CTRG,0,194685304,18,0,496008271,59464,18,2,0,0,0,0,26,1,9813,26,0,0,0,59381,62691082312,419501829128
2022-11-23,Z305CTRG,0,214154168,18,0,497388206,59480,18,2,0,0,0,0,25,1,9813,25,0,0,0,59396,62692027104,419632668151
2022-11-24,Z305CTRG,0,146056512,18,0,499184352,59512,18,2,0,0,0,0,24,1,9813,24,0,0,0,59428,62693357192,419929478865
2022-11-25,Z305CTRG,0,179907632,18,0,500952587,59527,18,2,0,0,0,0,26,1,9813,26,0,0,0,59444,62693943056,420001832960
2022-11-26,Z305CTRG,0,235652792,18,0,502996438,59559,18,2,0,0,0,0,24,1,9813,24,0,0,0,59475,62695298160,420274390896
2022-11-27,Z305CTRG,0,53837984,18,0,503782148,59575,18,2,0,0,0,0,26,1,9813,26,0,0,0,59491,62696062384,420405795809
2022-11-28,Z305CTRG,0,46162184,18,0,505776538,59606,18,2,0,0,0,0,24,1,9813,24,0,0,0,59523,62697276232,420786187916
2022-11-29,Z305CTRG,0,119311088,18,0,506698502,59622,18,2,0,0,0,0,26,1,9813,26,0,0,0,59538,62697972696,420935274106
2022-11-30,Z305CTRG,0,21336744,18,0,510258986,59654,18,2,0,0,0,0,26,1,9813,26,0,0,0,59570,62699471168,421370758977
2022-12-01,Z305CTRG,0,181203384,18,0,512099798,59685,18,2,0,0,0,0,26,1,9813,26,0,0,0,59602,62700634368,421690895076
2022-12-02,Z305CTRG,0,238818104,18,0,513927350,59701,18,2,0,0,0,0,27,1,9813,27,0,0,0,59617,62701174832,421794415644
2022-12-03,Z305CTRG,0,67533528,18,0,515491459,59733,18,2,0,0,0,0,27,1,9813,27,0,0,0,59649,62702672336,422078190869
2022-12-04,Z305CTRG,0,30918392,18,0,516937814,59748,18,2,0,0,0,0,27,1,9813,27,0,0,0,59665,62704256552,422247067951
2022-12-05,Z305CTRG,0,242391544,18,0,518554850,59780,18,2,0,0,0,0,27,1,9813,27,0,0,0,59696,62706442992,422599180060
2022-12-06,Z305CTRG,0,106175216,18,0,519692572,59796,18,2,0,0,0,0,28,1,9813,28,0,0,0,59712,62707075104,422801371915
2022-12-07,Z305CTRG,0,44024528,18,0,522510384,59827,18,2,0,0,0,0,26,1,9813,26,0,0,0,59743,62708611656,423117149492
2022-12-08,Z305CTRG,0,66180888,18,0,523351870,59843,18,2,0,0,0,0,26,1,9813,26,0,0,0,59759,62709201656,423287511035
2022-12-09,Z305CTRG,0,120919640,18,0,526257103,59874,18,2,0,0,0,0,27,1,9813,27,0,0,0,59791,62710348232,423561865216
2022-12-11,Z305CTRG,0,119602088,18,0,529363399,59922,18,2,0,0,0,0,27,1,9813,27,0,0,0,59838,62712749120,424076904026
2022-12-11,Z305CTRG,0,119602088,18,0,529363399,59922,18,2,0,0,0,0,27,1,9813,27,0,0,0,59838,62712749120,424076904026
2022-12-12,Z305CTRG,0,200445088,18,0,530067136,59937,18,2,0,0,0,0,27,1,9813,27,0,0,0,59854,62713804064,424240375618
2022-12-13,Z305CTRG,0,6573296,18,0,532512844,59969,18,2,0,0,0,0,27,1,9813,27,0,0,0,59885,62715245904,424583360033
2022-12-14,Z305CTRG,0,51081288,18,0,533767665,59985,18,2,0,0,0,0,27,1,9813,27,0,0,0,59901,62716426320,424760250803
2022-12-15,Z305CTRG,0,32419592,18,0,535170623,60017,18,2,0,0,0,0,26,1,9813,26,0,0,0,59933,62718110688,425125718856
2022-12-16,Z305CTRG,0,163226912,18,0,537099083,60032,18,2,0,0,0,0,27,1,9813,27,0,0,0,59949,62719002328,425238191728
2022-12-17,Z305CTRG,0,29206728,18,0,539451312,60064,18,2,0,0,0,0,27,1,9813,27,0,0,0,59980,62720432632,425708124288
2022-12-18,Z305CTRG,0,89385824,18,0,540539456,60080,18,2,0,0,0,0,26,1,9813,26,0,0,0,59996,62721057256,425924749039
2022-12-19,Z305CTRG,0,235380360,18,0,542194495,60112,18,2,0,0,0,0,27,1,9813,27,0,0,0,60028,62722395184,426233209296
2022-12-20,Z305CTRG,0,91202424,18,0,542882396,60128,18,2,0,0,0,0,28,1,9813,28,0,0,0,60044,62723338944,426362695630
2022-12-21,Z305CTRG,0,42356000,18,0,545756303,60159,18,2,0,0,0,0,26,1,9813,26,0,0,0,60076,62725465488,426572688379
2022-12-22,Z305CTRG,0,57273240,18,0,547829205,60191,18,2,0,0,0,0,26,1,9813,26,0,0,0,60107,62726854536,426781783227
2022-12-23,Z305CTRG,0,209108064,18,0,549524139,60207,18,2,0,0,0,0,28,1,9813,28,0,0,0,60123,62727600808,426874040250
2022-12-24,Z305CTRG,0,199299432,18,0,550487826,60239,18,2,0,0,0,0,27,1,9813,27,0,0,0,60155,62731067128,427001028277
2022-12-25,Z305CTRG,0,68884048,18,0,551344144,60255,18,2,0,0,0,0,27,1,9813,27,0,0,0,60171,62731910512,427114951779
2022-12-26,Z305CTRG,0,218925008,18,0,552777209,60286,18,2,0,0,0,0,27,1,9813,27,0,0,0,60203,62734127160,427258282032
2022-12-27,Z305CTRG,0,150464024,18,0,554196946,60302,18,2,0,0,0,0,27,1,9813,27,0,0,0,60218,62735092536,427394647948
2022-12-28,Z305CTRG,0,70642048,18,0,556689681,60334,18,2,0,0,0,0,27,1,9813,27,0,0,0,60250,62737540208,427680120115
2022-12-29,Z305CTRG,0,232451344,18,0,557596324,60350,18,2,0,0,0,0,26,1,9813,26,0,0,0,60266,62739199856,427811562890
2022-12-30,Z305CTRG,0,67249072,18,0,560367693,60382,18,2,0,0,0,0,27,1,9813,27,0,0,0,60298,62742632336,428029952466
2022-12-31,Z305CTRG,0,24733280,18,0,561227893,60397,18,2,0,0,0,0,27,1,9813,27,0,0,0,60314,62743453856,428162493940
